128 286 10.8655
0.956685 6.2303
3.87332 4.61429
2.29788 3.74604
6.93468 4.67523
10.2541 8.67565
1.82316 3.06152
1.74878 1.27048
1.73322 9.6332
4.20283 7.21057
1.00067 2.88141
2.58482 9.65535
4.90211 7.69272
10.3398 0.63579
1.56044 7.91414
8.44487 10.8183
6.41374 1.82863
9.29393 5.07389
8.69926 4.43513
9.01425 7.22629
0.580291 4.57563
7.82243 6.25213
1.00641 9.17257
0.138901 3.02111
10.4722 6.09527
4.17075 9.14488
8.69263 6.40579
6.66083 7.74993
1.82033 6.30548
0.355695 0.576818
0.692812 7.76858
7.36345 9.11259
2.31061 2.33731
3.61645 3.78111
2.95954 8.0062
0.872258 1.32184
8.74229 1.67759
1.42533 2.09655
5.76726 7.90202
3.31502 7.15432
2.26303 0.531021
2.40692 5.35431
7.82296 4.66239
10.8086 1.39761
3.19983 0.60874
7.81365 1.68945
1.27601 7.05402
0.490996 2.16097
1.90975 4.55034
5.17204 4.77823
4.10384 2.99755
0.288465 8.60325
7.3392 5.47538
5.54636 2.13388
5.00589 6.78571
4.57473 2.16218
6.10134 5.02441
10.0926 3.23035
1.8525 10.5302
10.7768 3.93031
7.9524 0.738179
8.59417 8.05847
7.032 1.13076
6.85056 3.76983
8.93929 0.745222
3.59749 9.89345
1.29629 0.467015
0.143934 9.5616
9.53657 5.97878
9.37729 8.97516
10.0183 9.75502
10.6045 7.79941
3.93567 10.8392
3.38288 5.40232
10.3973 2.28157
4.39521 5.37963
5.0895 3.01948
0.885168 10.2589
5.04195 1.28642
2.84755 10.5628
10.2464 5.16238
5.9987 6.94332
2.95021 3.07094
4.01908 1.1602
0.363483 5.50633
2.67347 1.4364
3.22327 8.94819
9.60515 7.98044
8.05537 7.19182
8.41009 5.46989
8.34246 9.04658
1.41022 5.40999
6.46167 5.97678
6.02584 0.937756
5.85038 4.03046
7.05359 6.85462
6.74365 9.8785
4.59532 3.94585
7.56594 8.14212
3.90112 6.3059
2.81384 6.27947
8.96217 3.48915
2.917 4.47685
9.77431 4.21399
1.20829 3.81948
7.88272 3.6508
9.74618 1.42211
4.95871 0.239826
9.62989 10.8301
5.69357 9.61729
0.23478 6.86949
9.96634 6.95304
9.3705 2.47145
2.29004 7.24359
7.16307 2.48828
3.97264 8.16124
8.27327 2.61447
7.83294 10.0227
10.7127 10.5735
6.15948 2.97446
8.95757 9.95345
5.38204 5.80504
6.00024 10.6995
3.51387 2.13199
4.65699 10.0328
6.40136 8.73896
5.07627 8.67865
2.14991 8.72525
7.12737 0.0611732
0 83
0 90
0 109
0 45
0 27
1 101
1 32
1 72
1 74
2 5
2 81
2 47
2 101
3 62
3 41
3 55
3 51
4 86
4 68
4 50
5 31
5 9
6 65
6 34
6 36
6 84
7 21
7 126
7 10
7 57
8 38
8 98
8 53
8 114
8 11
9 46
9 36
9 22
9 103
10 85
10 78
11 53
11 37
11 125
12 107
12 117
12 28
12 105
12 42
13 112
13 45
13 29
13 126
14 116
14 119
14 59
14 63
15 92
15 61
15 52
15 113
16 17
16 102
16 88
16 67
16 79
17 100
17 41
18 87
18 25
18 110
18 86
18 60
19 58
19 103
19 83
20 51
20 94
20 87
20 25
21 66
21 50
22 73
22 56
22 58
23 67
23 79
23 83
23 110
23 109
24 114
24 85
24 125
24 64
24 123
25 88
25 67
26 94
26 37
26 97
26 124
27 90
27 45
27 99
28 117
28 65
28 42
28 34
29 109
29 45
29 70
29 50
30 97
30 124
30 89
30 95
30 116
31 36
31 84
31 81
32 81
32 49
32 101
32 96
33 112
33 38
33 114
33 85
34 65
34 42
34 46
35 63
35 44
35 111
36 46
37 80
37 125
38 112
38 99
39 57
39 65
39 43
39 84
40 47
40 101
40 90
40 72
40 99
41 104
41 88
41 51
42 73
42 46
43 78
43 71
43 82
43 84
44 61
44 59
44 113
44 115
45 112
46 73
47 103
47 101
47 90
48 96
48 93
48 74
48 120
48 55
49 122
49 54
49 75
50 70
50 66
51 91
52 54
52 77
52 75
52 118
53 120
53 80
54 122
54 77
54 75
55 93
55 120
55 91
56 73
56 111
56 102
56 58
57 76
57 78
57 65
58 102
59 127
59 63
60 87
60 97
60 86
60 89
61 92
61 127
62 118
62 93
62 104
63 107
63 105
64 85
64 78
64 123
64 71
66 117
66 69
66 76
67 110
68 86
68 89
68 119
68 69
69 119
69 117
70 110
70 109
70 86
71 123
71 106
72 101
72 74
72 99
72 98
73 111
74 120
74 98
75 118
75 96
76 117
77 82
77 106
77 92
79 102
79 83
80 94
81 122
82 122
83 90
84 122
85 114
85 126
86 110
87 94
87 97
89 116
89 119
91 120
91 94
92 121
93 118
95 108
95 121
95 116
95 127
98 99
99 112
100 115
100 111
100 104
100 102
104 115
105 111
106 123
106 121
107 119
107 117
108 125
108 124
108 123
108 121
111 115
113 118
113 115
116 119
116 127
121 127
