252 569 15.3195
7.57592 11.7708
9.44332 11.6163
3.2311 8.66246
4.80268 9.21762
13.9738 14.7281
5.92083 1.07172
0.504263 12.4033
0.188685 5.86503
11.3822 5.27062
8.55326 7.76477
3.96767 9.26526
0.293644 1.43765
5.00243 13.508
13.4411 9.86341
3.56928 1.88741
11.1236 10.6914
2.60111 8.09829
10.9542 3.05323
5.33434 1.7833
11.493 3.71807
9.03074 9.23097
7.659 6.56758
7.30227 12.5644
13.8799 1.00615
1.67467 12.4793
12.9039 12.3925
7.5891 5.27797
4.55517 0.24974
9.31382 6.32356
14.3576 12.9272
14.1356 3.33432
8.26826 0.75668
4.4613 7.54293
12.4063 7.51513
7.52736 0.306894
9.18553 5.20617
10.8091 0.0654628
1.91276 3.53877
2.00545 13.2823
9.10741 4.32721
13.5055 14.0062
14.5772 11.4217
12.1245 11.8564
11.9429 10.9885
6.61707 13.0943
8.97424 10.896
8.46119 6.90182
14.2623 0.224222
5.06434 0.961938
10.0267 1.72478
0.144859 11.4572
10.8175 13.5139
6.09907 8.30964
4.69079 3.05422
2.97905 6.33061
13.2835 3.08627
0.659993 5.13584
13.4821 13.0647
8.39661 8.61814
4.32039 4.76042
8.18352 2.73684
11.8222 9.0018
12.7246 13.567
10.233 11.9864
7.74002 7.45025
14.9617 6.54436
4.56277 12.7522
7.13238 13.8398
5.68962 7.50104
5.67896 9.11659
8.36798 4.83912
13.7274 1.88485
13.2843 7.70417
5.75379 3.5795
11.1761 7.23363
1.02992 1.93295
2.2625 10.0219
7.25217 14.7615
14.95 12.2444
0.706794 8.77485
0.68808 7.84198
8.16266 14.9847
0.198009 14.1364
9.92044 9.11896
2.57575 15.2175
14.1534 8.04263
15.0471 3.31532
11.8811 4.53329
13.2449 5.73957
2.15887 11.7088
7.36892 10.1646
3.94678 3.7652
2.73623 10.837
2.02796 0.670123
9.97132 4.63974
12.6577 9.41988
4.07646 8.37428
6.62922 3.91146
10.1457 6.7121
7.91961 10.9427
2.58443 12.5641
4.23736 14.7132
1.06265 6.09426
10.9252 4.49821
2.66494 5.38457
5.54087 2.66188
10.1337 2.65171
1.66277 2.64818
9.01825 13.472
1.1506 14.224
7.38678 8.33196
1.76726 10.83
11.2284 11.5907
14.8966 14.8643
2.56756 7.17803
13.002 1.26701
6.47556 2.94854
11.6588 8.06404
12.0075 1.66075
7.71783 9.26249
12.9788 11.4685
11.9697 6.70265
3.71052 10.904
9.00475 0.179698
0.520802 6.89561
3.4389 7.63872
2.03438 6.24014
10.071 12.9309
10.3295 3.72807
14.6901 1.45588
0.234486 2.47808
9.18252 12.4987
10.828 14.4554
4.88617 3.98964
13.8585 4.98249
1.58445 15.1227
7.40532 3.30102
5.90594 13.709
7.2562 2.29979
12.7525 10.4891
12.5949 8.43289
12.8278 2.24512
14.4977 4.20161
1.29703 4.26352
5.18289 14.4196
6.07832 6.62499
8.34037 3.69437
14.9641 10.5538
14.2112 5.93508
9.33758 7.27083
9.04966 2.2983
5.71931 4.55912
6.27329 14.6598
13.4934 4.03042
3.75746 2.79918
3.14674 11.7421
2.38348 9.05013
2.94485 13.4916
14.8926 5.15314
3.58335 12.6833
0.571172 15.0509
8.11366 13.9299
4.11643 1.12407
8.51012 11.7454
9.00917 14.4789
7.53901 4.32153
11.0204 12.5695
3.25927 14.4793
11.6944 15.0021
12.834 4.8287
9.91381 15.0169
15.2852 13.1769
8.21273 12.8542
6.28021 1.94667
4.73123 10.9225
6.69394 4.92037
14.526 2.46264
9.33241 8.31476
2.31442 4.42531
6.36333 10.1578
3.3532 4.57122
5.03586 6.75826
0.190828 9.64091
2.77088 2.42117
1.03052 13.2047
10.1153 0.743606
9.92546 13.9507
7.16913 1.25478
12.2336 5.70704
11.1687 0.965007
0.869958 3.30348
10.2019 10.9888
1.99872 1.679
6.56138 0.358887
5.88183 5.60088
4.19931 11.8274
5.51936 0.0892691
15.0368 7.54678
6.90151 5.97151
8.1465 1.73358
12.0421 12.8405
6.90097 11.0906
5.29997 10.0386
1.64772 5.26188
11.8097 10.0035
14.4916 13.9054
12.9983 6.72646
5.09472 8.29927
10.8592 8.73271
12.6845 14.5735
15.2071 0.546813
1.52839 7.16797
12.1962 0.624316
13.8371 12.084
12.4809 3.70225
3.67282 5.60353
6.69078 9.11896
2.95165 1.13079
10.0618 5.6713
3.27563 9.94729
1.12986 11.6597
9.57087 10.0861
10.6665 9.82676
5.79536 11.1487
0.9897 0.736411
2.19617 14.26
3.56332 0.196687
9.13999 1.23284
14.4045 9.64145
11.895 2.75638
1.62209 8.2849
0.236924 4.21555
3.93315 6.69224
13.5628 8.88563
6.41253 12.1
11.7571 13.9142
8.44079 10.0345
14.0596 7.01218
4.0217 13.6825
13.2469 0.226072
6.72028 7.49844
13.7977 10.7852
10.2942 7.76813
2.92955 3.5145
11.052 6.19761
1.31088 9.61581
9.34216 3.3401
0.727254 10.6079
14.9901 8.66371
11.0033 2.05155
4.78477 5.68024
8.40307 5.87906
0 201
0 99
0 163
0 22
1 163
1 45
1 131
1 63
2 16
2 156
2 96
3 10
3 207
3 69
3 202
4 40
4 205
4 47
5 48
5 193
5 173
6 220
6 78
6 171
6 184
7 158
7 56
7 65
7 102
8 103
8 87
8 188
8 244
9 46
9 64
9 149
9 177
9 58
10 96
10 219
11 210
11 224
11 129
11 75
12 66
12 238
12 137
12 144
13 95
13 233
13 139
13 228
13 241
14 217
14 162
14 183
14 154
15 222
15 204
15 191
15 112
15 43
16 114
16 230
17 249
17 106
17 229
17 128
17 19
18 48
18 173
18 105
19 214
19 87
20 177
20 58
20 83
20 236
21 251
21 198
21 46
21 64
22 234
22 172
22 44
23 239
23 47
23 115
23 71
23 129
24 220
24 89
24 100
24 184
24 38
25 120
25 200
25 213
25 57
26 165
26 175
26 251
26 70
26 198
27 101
27 226
27 196
27 48
28 251
28 218
28 98
28 149
29 213
29 78
29 57
29 205
29 171
30 55
30 176
30 86
30 153
30 142
31 34
31 123
31 199
31 227
32 232
32 181
32 96
32 207
33 121
33 206
33 117
33 72
33 140
34 81
34 77
34 193
35 39
35 70
35 218
36 170
36 168
36 132
36 185
36 189
37 107
37 243
37 178
37 143
38 100
38 184
38 157
38 225
39 246
39 94
39 70
40 62
40 205
40 209
41 147
41 241
41 50
41 213
41 78
42 112
42 43
42 120
42 200
43 204
43 139
43 112
44 234
44 137
44 67
45 236
45 221
45 163
46 251
46 64
46 149
47 113
47 239
47 210
48 162
48 196
49 185
49 227
49 249
49 106
50 247
50 220
51 127
51 166
51 235
51 132
52 68
52 240
52 207
52 69
52 216
53 154
53 105
53 133
54 215
54 126
54 232
54 114
55 141
55 214
55 153
56 231
56 203
57 62
58 119
58 177
59 180
59 133
59 250
60 199
60 150
60 136
60 146
61 117
61 208
61 140
61 95
61 204
62 200
62 235
62 209
63 191
63 127
63 166
64 240
64 110
65 237
65 148
65 124
65 197
66 195
66 159
67 161
67 77
68 181
68 145
68 240
68 207
69 207
69 216
69 202
70 165
70 251
71 141
71 115
71 176
72 237
72 206
72 85
73 105
73 116
73 151
73 133
73 97
74 244
74 121
74 242
74 117
75 192
75 130
75 107
76 156
76 245
76 219
76 111
76 92
77 152
77 81
78 171
79 80
79 248
79 230
79 182
79 245
80 124
80 197
80 230
81 164
82 171
82 113
82 160
82 109
83 177
83 208
83 221
83 222
84 225
84 93
84 226
85 237
85 197
85 233
85 248
86 176
86 130
86 231
87 103
87 214
87 169
88 188
88 169
88 134
88 206
88 148
89 220
89 111
89 155
89 100
90 119
90 179
90 99
91 243
91 154
91 180
91 133
92 219
92 111
92 155
92 122
93 135
93 224
93 217
93 192
94 128
94 103
94 218
95 140
95 233
95 204
96 125
96 207
97 116
97 136
97 165
97 175
98 218
98 244
98 149
99 236
99 201
99 163
100 155
100 159
100 157
101 238
101 167
101 144
101 226
102 203
102 124
102 126
103 128
104 178
104 203
104 215
105 116
106 249
106 246
107 192
107 190
108 172
108 131
108 161
108 186
108 164
109 184
109 160
109 225
109 135
110 240
110 216
110 119
111 247
111 220
112 166
113 205
113 160
113 210
114 211
114 125
115 212
115 239
115 141
116 173
116 136
117 208
117 140
118 212
118 249
118 141
119 216
119 236
120 139
120 241
120 213
121 188
121 244
121 206
122 219
122 155
122 174
122 195
123 164
123 170
123 227
124 197
124 211
125 232
126 203
126 211
127 131
127 166
127 186
128 246
129 210
129 176
130 176
130 190
131 163
131 172
132 186
132 235
132 168
133 151
134 153
134 142
134 169
134 148
135 160
135 225
136 138
136 165
136 146
137 144
137 152
138 173
138 199
138 187
139 204
139 241
140 233
141 229
142 153
142 231
142 158
143 190
143 231
143 178
143 203
144 196
145 194
145 181
145 198
145 240
146 246
146 165
147 228
147 247
148 158
148 237
149 242
149 177
150 199
150 227
150 246
151 194
151 175
152 196
152 193
153 214
153 169
154 243
154 183
155 195
155 159
156 230
157 159
157 238
157 225
157 167
159 195
159 238
160 210
160 224
161 164
162 226
164 186
164 170
165 175
166 200
167 238
167 225
167 226
168 235
168 209
168 212
169 188
170 186
170 185
171 205
171 184
174 202
174 223
174 195
175 194
175 198
177 242
178 243
178 180
178 203
179 216
179 202
179 201
180 215
181 250
181 232
182 248
182 228
182 247
183 192
183 243
185 189
185 227
187 193
187 199
189 212
189 249
190 231
191 221
192 217
193 196
194 250
194 198
197 237
197 248
199 227
200 235
201 223
201 234
206 237
208 242
208 222
209 239
210 224
211 230
212 239
214 229
215 250
215 232
217 226
218 244
220 247
221 236
221 222
223 234
228 233
228 248
229 249
245 247
