64 142 7.71729
0.0506997 2.71028
3.37235 3.72522
3.52364 6.91243
1.14963 2.96298
0.808808 6.76379
1.66509 6.78119
2.34318 1.41356
1.48658 1.36393
1.94675 3.276
2.53714 3.92618
2.79553 3.09009
6.06573 3.04517
7.60849 5.25424
0.999298 5.90891
5.95906 5.5502
4.13593 0.919317
6.61434 1.47141
4.38579 7.09658
4.78735 4.5404
5.56266 7.27383
3.18017 4.58938
5.70894 4.66563
6.62129 4.90368
4.00175 5.0563
7.19918 3.39701
5.08343 6.47007
7.52643 1.69122
1.96857 0.582765
3.74165 0.0735641
7.40152 4.34247
3.85344 1.80379
6.09654 6.48515
0.0962327 6.17711
1.94265 5.89285
1.45542 4.06828
6.86692 5.84748
7.28676 0.738047
6.38259 3.94945
2.74811 7.68283
2.92174 2.14931
4.30867 3.70594
4.99152 5.48493
3.1596 0.921117
2.61556 6.65646
7.05287 6.86262
1.21274 7.62983
5.36083 3.72271
5.83066 2.09
6.84575 2.44606
0.140301 7.56898
4.86759 0.265192
4.8656 1.60447
3.7439 2.82552
0.477388 3.66728
0.833031 4.91855
1.86419 2.28484
5.74547 0.943357
0.774578 2.05341
0.634273 0.850462
2.17686 4.86058
4.09176 6.10272
4.86896 2.72781
6.4562 0.0643249
3.0372 5.62961
0 48
0 57
0 24
1 52
1 10
1 40
1 9
1 20
2 60
2 43
2 17
2 28
3 57
3 55
3 53
3 8
4 32
4 13
4 45
4 5
5 33
5 45
5 43
6 27
6 42
6 55
6 7
6 39
7 58
7 27
7 57
7 55
8 55
8 10
8 34
8 9
9 10
9 59
10 39
10 52
11 47
11 48
11 46
11 37
12 29
12 54
12 35
12 32
13 54
13 32
13 33
14 21
14 22
14 41
14 35
14 31
15 42
15 28
15 50
15 30
15 51
16 56
16 47
16 48
16 26
17 60
17 25
17 28
17 50
18 40
18 46
18 23
18 21
18 41
19 25
19 31
19 50
19 62
20 59
20 23
20 63
21 46
21 37
21 22
22 37
22 29
22 35
23 60
24 48
24 53
24 37
24 29
25 60
25 41
26 36
26 48
26 57
27 45
27 38
28 38
29 53
30 39
30 51
30 52
31 35
31 44
32 35
32 44
33 59
33 43
34 53
34 54
34 59
35 44
36 49
36 62
36 58
37 46
38 43
38 42
39 55
39 52
40 52
40 46
41 60
43 63
44 49
44 62
45 49
45 58
46 61
47 51
47 48
49 58
50 56
51 56
51 61
52 61
55 57
56 62
59 63
60 63
