64 142 7.70698
7.5089 0.863564
2.39676 0.909757
6.73077 1.13041
0.8852 3.14207
1.25253 0.558433
4.5701 0.0156538
3.88741 5.50411
3.44923 3.09478
2.59797 2.91996
5.00974 6.98713
3.39015 6.21761
4.92979 1.88641
4.13129 1.51488
3.96023 0.64025
4.76376 5.3941
0.421278 0.267678
6.97398 3.84347
4.04364 4.63304
6.36056 6.23273
6.41305 3.12048
0.502288 5.45172
5.80408 0.445847
6.57147 2.19313
5.66835 5.19229
3.50239 2.18659
4.36096 2.60505
0.617935 1.21269
7.43031 1.76014
3.24034 1.24419
1.12662 7.35899
5.34145 3.49551
0.210709 3.74909
1.75849 6.60179
6.62955 5.31048
4.39974 6.27584
5.399 6.13053
7.66646 7.12817
2.04071 0.0473627
2.54541 1.96119
2.51785 5.81386
5.63443 2.53139
5.00868 4.45231
3.11401 4.95307
0.629069 2.22417
2.7271 6.92641
1.48386 5.61318
4.90718 0.909217
0.735781 6.4193
3.068 0.231522
5.97005 7.15304
6.06 4.24949
1.7079 3.66691
1.60918 1.46379
3.79178 7.12996
2.07386 4.70498
5.83304 1.4752
1.66685 2.56396
2.8483 3.8925
7.50188 4.71549
4.28577 3.64151
7.40729 2.81789
7.38212 6.08159
6.84336 0.135054
0.959005 4.51415
0 62
0 2
0 26
0 15
0 27
1 37
1 48
1 28
1 52
2 62
2 55
3 43
3 56
3 31
3 51
4 29
4 26
4 15
4 37
4 52
5 53
5 9
5 46
5 13
6 42
6 17
6 10
6 34
6 14
7 24
7 8
7 59
7 57
8 56
8 57
9 34
9 35
9 49
10 39
10 53
10 44
11 46
11 12
11 55
11 40
11 25
12 28
12 46
12 13
12 24
13 48
13 28
13 46
14 41
14 34
14 23
15 36
15 29
16 19
16 31
16 50
16 58
17 59
17 42
17 41
18 35
18 61
18 33
18 49
19 40
19 22
19 60
20 58
20 63
20 61
20 47
20 45
21 49
21 46
21 55
22 55
22 40
22 27
22 60
23 41
23 50
23 35
23 33
24 38
24 25
25 59
26 43
26 52
27 43
27 60
28 48
28 38
29 47
29 32
29 37
30 40
30 59
30 41
30 50
31 60
31 58
31 63
32 47
32 45
32 44
33 58
33 61
34 35
34 53
36 61
36 47
36 62
37 48
38 56
38 52
39 42
39 45
40 55
41 59
41 50
42 54
42 57
43 56
43 60
44 53
44 48
45 54
46 55
47 61
48 53
49 62
51 56
51 63
51 54
52 56
54 63
54 57
