127 283 10.8557
9.31434 8.90393
0.654683 0.89284
1.60699 5.47692
6.73296 9.09892
1.86933 7.58782
5.61738 5.06172
1.35876 10.419
1.34421 0.410725
10.5792 0.520263
6.26303 1.45081
6.75113 8.25974
8.10515 1.12823
9.25474 7.7291
4.42258 6.58151
7.96348 5.66366
4.76466 5.05569
6.31503 5.55446
3.65855 3.46305
9.76706 2.89824
3.63952 6.95296
1.34472 6.90382
3.17878 4.19041
4.21758 5.73943
7.98328 10.0592
7.41911 3.91762
2.50409 9.26433
8.63084 9.43724
8.95201 6.90277
3.23085 9.80367
5.88088 10.5528
8.52233 8.53692
4.39173 7.46837
7.06851 5.07818
1.00255 7.73792
5.09419 8.05606
4.25405 10.4839
2.48168 5.41798
10.0668 7.35487
0.319698 4.1271
4.26217 8.46758
10.2997 4.446
5.95784 8.66067
9.94985 8.28526
3.55219 7.85946
0.432718 6.99473
0.52832 3.20954
1.62883 9.5643
8.85748 10.3387
7.64214 8.21481
8.36211 7.61408
5.77776 2.21193
5.05048 0.136487
10.4575 3.51211
3.27569 0.930885
5.22154 7.01549
7.11363 6.02494
4.57414 3.38876
5.87068 0.637034
5.98741 9.61824
5.0908 10.0252
10.5788 10.1524
7.97241 2.03763
10.7559 6.1834
9.64679 9.75731
4.19038 0.589922
7.64949 9.18341
0.608615 8.77358
2.05638 6.28352
8.86091 5.94776
7.66043 2.99148
3.36647 8.84998
9.79274 1.02334
0.894892 6.06514
3.12429 6.15159
3.33326 10.7919
5.05986 9.02863
0.663204 9.78489
2.61896 8.15029
4.1534 9.50936
4.7961 2.41025
9.77514 6.42105
10.6493 2.5362
5.55626 3.18661
7.15572 1.12534
7.01459 9.99323
8.86454 0.550109
0.794672 2.24033
2.68449 7.10335
6.75771 0.151705
1.16237 4.64118
4.14654 4.31376
0.496684 10.8179
0.0287211 7.92039
7.98707 4.71421
5.21636 4.19146
6.00641 7.65715
0.258813 5.20862
10.0535 5.41379
10.486 9.13179
8.39725 3.73873
8.93858 1.62427
3.44414 5.13737
9.4803 3.84449
2.29726 0.604848
1.47836 3.6001
2.59583 3.37965
2.57496 1.68576
10.7485 1.48243
7.84073 0.187123
1.63151 8.53712
4.04244 1.63877
2.21833 4.43069
9.77181 10.8133
5.13439 1.38306
6.32325 4.37779
6.62933 3.29552
5.20683 5.95963
1.84903 2.54099
8.78424 2.71579
9.07629 4.88973
7.97147 6.64807
1.49777 1.39864
7.06126 7.31374
3.32728 2.5152
2.34975 10.332
6.91623 2.20159
6.187 6.55816
0 42
0 30
0 26
0 63
1 91
1 7
1 107
1 121
2 89
2 36
2 72
2 67
3 10
3 58
3 41
3 65
3 84
4 20
4 87
4 33
4 77
4 109
5 94
5 114
5 15
5 116
5 16
6 46
6 91
6 76
6 124
6 7
7 91
7 103
7 121
8 112
8 91
8 71
8 107
9 57
9 83
9 50
9 125
10 95
10 122
10 48
10 41
11 83
11 108
11 85
11 61
11 100
12 27
12 49
12 42
12 37
13 22
13 116
13 19
13 54
13 31
14 93
14 55
14 68
14 120
15 90
15 94
15 22
15 116
16 55
16 32
16 126
17 123
17 56
17 21
18 118
18 81
18 52
18 102
19 87
19 73
19 43
20 72
20 44
20 67
20 33
21 105
21 111
21 90
21 101
22 101
22 116
23 65
23 26
23 84
23 47
23 108
24 115
24 69
24 99
24 93
25 46
25 70
25 28
26 30
26 47
27 68
27 120
27 80
27 49
28 70
28 78
28 124
29 58
29 59
29 57
29 51
29 88
30 49
30 48
31 54
31 43
31 34
32 114
32 93
32 55
33 44
33 92
33 109
34 95
34 39
34 75
35 78
35 74
35 59
35 64
35 51
36 111
36 101
36 67
36 73
37 80
37 42
37 92
38 52
38 45
38 40
38 89
39 43
39 70
39 75
40 52
40 102
40 97
41 95
41 75
41 58
42 92
42 98
43 77
44 62
44 92
45 86
45 81
45 104
46 109
46 76
46 124
47 63
47 112
48 49
48 65
49 120
50 79
50 113
50 82
51 59
51 64
51 57
52 81
52 102
53 74
53 103
53 64
53 106
53 110
54 116
54 126
54 95
55 126
55 120
56 79
56 82
56 90
56 94
57 88
57 113
58 59
59 75
60 98
60 112
60 91
60 76
61 125
61 69
61 118
62 97
62 96
62 80
62 72
63 98
63 112
64 110
65 84
66 92
66 98
66 109
66 76
67 87
68 119
68 80
69 125
69 115
69 99
70 77
70 78
71 112
71 100
71 107
73 101
74 124
75 78
76 91
77 87
77 109
79 110
79 113
80 97
81 107
81 86
82 115
82 94
83 88
83 125
84 88
85 112
85 108
85 100
86 121
86 117
88 108
89 104
89 111
89 96
90 94
90 101
93 99
93 119
95 126
95 122
96 97
97 119
99 118
99 102
100 118
102 119
103 124
103 121
104 117
104 111
105 117
105 123
105 111
106 121
106 117
106 123
110 113
110 123
114 115
115 125
116 126
120 122
122 126
