128 287 10.8683
9.6802 0.424566
6.93437 4.132
7.69105 0.773225
1.61613 8.57409
0.834271 4.04336
8.90827 9.49139
3.19731 8.41553
5.95646 7.61391
1.98836 5.75837
7.39217 9.07249
4.22053 3.96279
7.91909 2.43775
8.9195 7.71643
7.23272 9.9106
2.59475 6.90517
3.88244 10.6353
6.83669 0.799597
5.11042 7.81921
10.8602 4.15768
8.07578 9.70195
5.46569 10.491
1.48716 10.7253
0.248023 7.63137
2.79205 4.03389
0.729344 6.75784
8.17098 10.5863
0.721151 0.298197
3.48884 3.48232
4.82769 8.9823
1.1979 9.34282
6.26224 6.79221
5.3181 5.13804
10.3693 1.39621
8.87348 5.8267
3.36676 0.492876
2.85632 2.21227
7.95686 5.76856
0.687927 3.17013
3.54004 4.53139
5.35893 6.95071
5.58153 9.594
9.9248 4.08955
8.0214 7.76346
3.5525 1.60425
8.96161 4.10938
7.81673 4.10304
2.83899 6.03362
4.18839 0.921393
1.54414 4.9708
4.57854 3.13014
10.5629 10.3163
4.42845 4.85057
4.71765 0.139787
9.87783 2.3363
10.5018 8.44154
2.61953 3.12407
6.78924 8.39187
0.0528811 5.80496
0.951441 2.25128
6.50807 9.3319
6.51069 5.48744
3.63095 5.47693
1.65748 2.92961
2.45357 8.95448
8.6485 0.53862
7.26219 10.8379
10.8484 2.2103
3.70751 6.46677
5.9891 0.404855
9.37058 4.99829
7.36042 4.96984
4.4172 7.17602
5.67838 6.03164
0.546076 4.93096
8.37475 4.90069
1.68887 6.64879
6.48223 2.49379
6.39195 10.3321
3.76499 2.56384
9.42746 3.23486
4.51749 1.85707
10.3802 4.97019
8.27977 1.49474
6.10814 4.56437
0.0379144 9.36897
1.0491 5.83889
8.87279 2.34989
5.17753 1.04129
0.691913 10.1858
2.65109 1.17192
3.08235 10.1008
10.6263 0.451045
8.38236 3.28279
1.91095 1.93072
0.657438 8.51856
6.21288 3.50619
8.10806 6.75913
7.1252 6.30827
9.18955 6.78003
9.88972 7.61212
6.14008 1.49323
9.86599 9.57623
4.20347 8.20688
8.30117 8.73665
2.02549 9.90315
3.3973 7.46699
1.24795 7.61294
2.43937 0.106677
10.5946 6.78458
7.06916 7.39571
9.8836 5.92871
2.63745 5.02059
9.39388 8.58819
4.61861 9.96845
1.80301 3.96916
0.516327 1.28912
5.7591 8.58154
7.28362 3.21014
5.20817 3.96549
7.22683 1.72047
9.17603 10.4497
5.40507 2.48545
4.61313 5.89235
3.76073 9.23403
9.35205 1.35698
10.5124 3.21812
2.34437 7.88554
1.58135 0.869435
0 120
0 91
0 124
1 95
1 117
1 83
1 45
2 65
2 16
2 82
3 126
3 94
3 29
3 63
4 37
4 18
4 114
4 73
5 103
5 101
5 19
5 120
6 126
6 105
6 63
6 123
7 39
7 30
7 116
8 85
8 48
8 111
8 46
8 75
9 56
9 59
9 103
9 13
10 27
10 49
10 38
10 118
10 51
11 119
11 86
11 117
11 92
12 98
12 42
12 99
12 112
13 59
13 77
13 65
13 19
14 46
14 75
14 126
14 105
15 90
15 113
15 34
15 52
16 65
16 68
16 119
16 100
17 71
17 39
17 102
17 116
18 125
18 81
18 73
19 103
19 25
20 40
20 113
20 77
20 52
20 68
21 88
21 104
21 26
21 127
21 107
22 108
22 106
22 94
23 55
23 27
23 114
23 38
23 111
24 85
24 108
24 106
25 65
25 120
25 64
26 88
26 91
26 127
26 115
27 55
27 78
28 102
28 116
28 113
29 94
29 88
29 104
30 72
30 39
30 97
30 109
31 83
31 122
31 51
31 72
32 91
32 124
32 66
32 115
33 36
33 69
33 110
33 98
34 107
34 89
34 47
35 93
35 43
35 55
35 78
36 74
36 97
36 96
37 58
37 125
38 111
38 61
38 51
39 72
39 71
40 116
40 59
40 113
41 79
41 125
41 81
42 96
42 109
42 103
43 89
43 47
43 78
44 92
44 79
44 74
44 69
45 117
45 92
45 74
45 70
46 111
46 61
46 67
47 52
47 87
47 80
48 114
48 85
49 78
49 121
49 118
50 101
50 84
50 88
50 91
51 122
52 113
52 87
53 86
53 66
53 79
54 99
54 94
54 84
55 62
56 109
56 116
56 59
57 110
57 81
57 85
57 73
57 108
58 66
58 115
58 93
58 62
59 116
59 77
60 83
60 72
60 70
60 97
61 122
61 67
62 93
62 114
63 126
63 104
64 82
64 124
65 77
66 115
66 125
67 122
67 71
67 105
68 77
68 87
69 74
69 110
69 81
70 74
71 105
71 102
72 122
73 81
73 85
75 85
75 106
76 119
76 100
76 121
76 95
76 117
78 80
79 86
79 92
79 125
80 87
80 121
81 110
82 119
82 124
82 86
83 95
83 118
84 101
84 94
84 88
86 124
86 92
87 100
89 127
89 107
89 93
90 123
90 104
90 107
92 117
93 127
94 106
95 117
95 118
96 97
96 98
97 109
98 110
98 99
99 108
99 112
100 119
101 112
101 120
102 105
102 123
103 112
105 126
106 126
108 110
113 123
115 127
