64 144 7.66333
1.88995 5.71918
7.66109 2.6399
5.06117 1.52219
0.254413 4.34736
0.62321 6.87878
4.20803 6.56646
0.100836 6.20316
5.07605 5.03347
7.43345 7.00818
3.3833 6.31106
3.23889 2.09148
1.66717 3.96461
1.02514 5.73975
2.20658 7.24411
3.55368 3.78452
0.894726 0.819051
4.67583 0.739292
2.81268 0.252562
6.52093 2.90644
2.48038 6.37513
4.55963 3.44891
5.94149 4.7719
3.25174 4.65273
2.80034 2.8885
1.35146 1.62918
2.91128 5.53698
3.7 0.581055
4.84883 5.91843
0.225207 0.151959
5.23539 4.12588
0.897462 2.4843
7.24621 0.903719
2.60388 3.83569
5.49349 3.17387
0.198076 5.27198
2.92668 1.20567
3.78168 2.86067
6.95097 5.72808
6.25482 3.84169
1.51529 6.56582
4.55402 7.44505
5.50474 0.218803
3.53226 7.2524
3.92128 5.50591
1.10873 4.76616
2.27353 2.02485
6.64791 0.0672344
6.51768 6.67459
1.2793 7.58328
1.79309 2.99047
4.26149 4.4863
0.32782 1.62923
4.74227 2.44264
5.88382 5.78485
1.94849 0.787343
2.19697 4.80266
0.773286 3.51944
4.07572 1.55596
7.30991 3.56242
5.42181 6.80036
5.81583 2.1564
6.97505 4.65221
6.18359 1.0754
6.93414 1.95308
0 55
0 12
0 19
0 39
1 63
1 30
1 58
2 16
2 57
2 52
2 60
3 58
3 56
3 61
3 44
3 34
4 6
4 8
4 48
4 39
5 9
5 27
5 40
6 37
6 34
6 8
7 50
7 29
7 21
7 27
8 47
8 28
9 19
9 25
9 43
9 42
10 35
10 45
10 57
10 36
10 23
11 56
11 49
11 44
11 55
11 32
12 44
12 34
12 39
13 19
13 48
13 39
13 17
14 36
14 32
14 22
14 50
15 48
15 28
15 51
15 24
16 40
16 41
16 57
17 42
17 54
17 35
17 26
18 60
18 63
18 58
18 38
19 25
19 39
20 52
20 36
20 33
20 29
21 38
21 29
21 61
21 53
22 50
22 25
23 45
23 49
23 36
23 32
24 54
24 51
24 30
24 45
25 55
25 43
26 42
26 35
26 57
27 43
27 53
27 59
28 31
29 33
29 50
30 51
30 56
30 49
31 62
31 46
31 51
32 55
33 52
33 60
33 38
34 61
34 37
35 54
36 52
37 61
37 53
37 47
38 61
39 48
40 42
40 59
40 41
41 59
41 62
43 50
44 55
45 49
46 47
46 62
47 53
47 59
48 54
51 63
52 57
52 60
53 59
56 58
58 61
60 62
60 63
62 63
