254 572 15.3534
5.98313 11.827
10.7173 5.36489
13.4103 12.6215
1.49983 5.73526
10.5276 9.43663
13.3538 4.24653
0.920159 14.394
12.1168 8.01779
13.1227 2.15686
10.5888 8.60303
15.1615 12.4356
15.0042 11.6053
5.59354 1.71336
1.69378 14.0679
6.29974 9.94024
14.4312 9.33627
12.689 14.1632
13.9609 5.67078
13.3481 5.09024
5.66354 15.1983
6.43284 1.64259
12.6366 5.56922
1.88498 11.1086
9.03586 3.56634
2.37514 12.6721
5.16825 8.59909
0.922627 9.95776
5.11252 0.499753
12.1984 13.4563
13.0629 13.3915
10.9076 3.60531
3.64547 12.0133
14.5134 10.1924
9.1182 5.56519
11.4409 8.54029
10.2157 13.5654
10.8716 7.79861
3.1251 0.364072
11.7099 3.25108
1.69257 7.46312
9.12501 0.376115
6.74076 9.21167
5.14779 7.72207
7.02454 1.01793
8.9557 1.24831
8.31759 1.86968
2.57739 7.55967
9.11559 13.5081
2.07227 8.28952
2.35566 5.63183
7.1253 13.3258
7.01629 8.38148
13.6235 10.2972
10.7052 0.604625
1.06178 10.8205
13.1313 14.9175
14.4685 14.0531
13.3782 2.9914
1.81738 3.04369
9.7114 12.8369
13.5677 14.1221
0.860772 4.65077
1.77176 10.2207
3.7442 3.20225
8.61093 7.38619
5.83795 9.18637
0.0973723 0.622951
3.67227 14.9627
2.88964 8.64522
6.85855 11.8166
4.08992 6.35709
4.4388 11.5956
12.2729 8.88649
7.41204 1.83075
4.14675 7.27671
2.22128 0.427829
0.636745 9.11865
4.88411 5.79525
15.2508 9.67002
1.29865 0.573888
7.74939 7.04811
4.71831 4.79029
0.658928 15.2408
15.0595 15.137
10.7284 4.4866
10.7973 10.2806
6.2866 13.6914
0.672185 13.5424
5.40675 4.15291
15.0719 13.3275
12.3841 2.64372
2.41756 4.1165
0.688216 12.6077
5.16816 12.1712
4.35868 8.18998
1.33611 2.25382
2.70501 1.23658
3.2648 6.94069
10.4073 7.0088
1.76581 1.39835
7.55339 6.12485
10.1264 10.9485
4.01318 5.42035
5.75868 6.17137
3.44302 7.89371
3.22118 5.97764
5.31342 11.2263
9.84035 0.953605
12.8154 10.7735
6.66357 6.47986
12.1762 6.35684
9.6473 1.90645
11.603 0.884377
4.52639 10.6485
9.43994 6.93596
2.4652 13.5866
14.1139 13.1883
3.64134 11.0821
0.0280645 14.2442
3.65152 1.41508
3.77835 8.95966
12.5416 4.65813
2.6481 9.55756
10.5242 12.3402
7.21841 10.0207
3.32183 2.34322
1.46879 3.92513
8.13478 3.79416
11.523 12.3364
15.0111 1.47932
1.79467 4.86749
6.07057 3.44955
13.71 7.39172
14.7112 7.46557
8.64264 14.3294
5.43681 10.253
9.63896 14.3061
0.178716 2.33382
7.88082 8.00988
12.4967 12.5692
2.3229 2.2188
3.26017 12.979
0.577203 11.639
0.590205 5.5705
8.18323 10.3085
1.56407 13.1428
12.5061 9.82908
13.3784 0.494668
6.85233 7.44693
14.0934 14.9368
14.2783 2.63627
14.2767 6.55039
12.2261 11.5875
9.73066 8.95302
11.6577 4.1962
6.43397 14.6566
11.3598 15.2608
1.62092 15.005
7.49096 4.58565
4.07669 0.499171
4.97927 6.77721
8.18255 5.36154
2.77252 3.19347
9.91527 3.92449
7.13528 3.6032
5.47779 14.2701
11.6283 7.21265
9.86852 4.96855
8.32247 11.5878
9.93984 2.88056
7.43689 11.0215
0.839121 3.1252
11.7521 14.3033
14.0926 3.6655
7.99281 0.959545
4.70139 3.44326
6.45797 4.39758
8.92496 2.62009
3.38847 14.0132
10.9614 2.64516
9.07541 10.8462
11.7134 1.89764
5.41745 2.65191
14.1868 11.1044
9.99302 15.2814
14.2403 12.1714
1.11092 8.25424
13.0432 8.253
13.2796 11.6808
8.75495 12.5595
3.92042 4.179
6.37442 12.6897
12.3712 0.197791
12.6848 7.24442
12.6163 3.62996
14.8969 5.45281
13.2454 6.32333
15.2541 8.43935
11.0281 11.425
8.25892 15.2819
7.65602 12.4287
4.36327 2.42002
0.397894 7.47294
8.86468 8.35707
8.79786 9.45338
9.74604 10.004
4.67908 14.9738
11.4894 9.52867
6.06979 0.733941
10.6835 14.4368
7.45122 14.3191
8.55505 6.37804
4.68764 1.37907
2.67103 14.8286
2.23612 6.62333
6.04574 8.15028
11.6882 5.27133
8.11322 13.4299
15.2303 4.41741
1.65545 9.20868
9.87268 7.89377
2.71724 10.5946
7.18 0.0459805
5.68015 5.14563
14.4375 0.592381
6.76954 5.43786
4.46714 13.8814
10.656 1.60776
1.1161 6.6342
11.7754 10.6096
8.88005 4.54408
0.721577 1.42137
15.3476 6.45656
10.0035 6.04479
15.12 3.31152
4.31018 12.7621
7.74613 9.08961
6.34515 10.9214
7.84033 2.76887
3.68013 10.0147
4.6974 9.48469
11.1982 13.3539
11.1267 6.2502
9.57871 11.8289
1.57876 12.0583
13.4369 9.29023
0.0433459 10.6935
2.68246 11.7208
12.6357 1.28612
6.70832 2.59534
5.37235 13.1878
3.08615 4.9194
14.1422 8.37995
13.9377 1.59958
0 106
0 237
0 93
0 191
0 69
1 84
1 167
1 216
1 233
1 242
2 188
2 139
2 185
2 116
2 29
3 143
3 130
3 49
3 228
4 153
4 9
4 205
4 207
4 85
5 194
5 121
5 173
5 18
6 87
6 13
6 118
6 82
6 157
7 166
7 193
7 187
7 34
7 72
8 248
8 253
8 90
8 57
9 36
9 153
9 34
10 11
10 185
10 92
10 89
11 183
11 246
11 142
11 185
12 212
12 20
12 182
13 145
13 115
13 157
14 65
14 41
14 135
14 124
14 237
15 252
15 245
15 78
15 32
16 28
16 60
16 29
16 172
16 55
17 18
17 195
17 196
17 151
18 121
18 21
19 165
19 155
19 27
19 208
20 208
20 43
20 249
21 121
21 110
21 196
22 221
22 54
22 247
22 244
23 177
23 127
23 230
23 163
24 247
24 244
24 141
24 145
24 115
25 94
25 42
25 215
25 65
25 240
26 76
26 62
26 54
27 206
27 208
27 212
28 139
28 241
28 29
28 172
29 60
30 179
30 38
30 154
30 84
31 247
31 117
31 71
31 235
32 78
32 183
32 246
33 161
33 167
33 211
33 233
34 72
34 207
35 59
35 241
35 136
35 209
36 98
36 166
37 213
37 75
37 159
38 179
38 90
38 154
38 194
39 228
39 214
39 186
39 46
40 199
40 184
40 107
40 44
41 65
41 51
41 236
41 124
42 160
42 94
42 215
43 208
43 222
43 174
43 73
44 107
44 45
45 174
45 73
45 238
45 177
46 214
46 97
46 104
46 48
47 59
47 217
47 134
47 136
48 186
48 219
48 68
49 130
49 251
49 214
49 105
50 191
50 86
50 217
51 215
51 148
51 138
51 236
52 245
52 108
52 183
53 184
53 156
53 107
53 112
53 227
54 246
54 142
55 60
55 149
55 192
55 147
56 116
56 60
56 149
56 118
57 150
57 194
57 173
58 95
58 171
58 162
58 126
59 189
59 243
59 123
60 149
61 218
61 126
61 143
61 130
62 219
62 221
63 125
63 162
63 201
63 175
63 190
64 80
64 211
64 114
64 138
64 203
66 83
66 82
66 224
66 129
66 231
67 178
67 213
67 206
67 159
68 104
68 120
68 122
69 237
69 170
69 191
69 200
70 102
70 105
70 160
70 74
71 117
71 113
71 106
71 93
72 187
72 207
72 146
73 249
73 238
74 97
74 160
74 104
74 94
75 157
75 79
75 96
76 186
76 197
76 219
76 78
77 102
77 223
77 160
77 103
78 246
79 82
79 157
79 231
79 99
80 100
80 148
80 138
81 190
81 88
81 102
81 223
82 157
83 149
83 118
83 224
84 163
84 154
84 167
85 229
85 207
85 101
86 191
86 250
86 165
86 155
87 92
87 145
87 118
88 175
88 131
88 223
89 116
89 118
90 181
90 194
91 162
91 126
91 130
91 251
92 142
92 244
93 106
93 235
93 250
94 104
94 120
95 231
95 140
95 99
95 171
96 99
96 119
97 105
98 114
98 233
98 242
98 220
99 231
99 140
100 225
100 161
100 109
100 211
101 205
101 198
101 243
102 251
102 105
103 223
103 160
103 109
105 251
106 135
106 113
107 111
107 227
108 229
108 146
108 152
108 188
109 225
109 148
110 242
110 166
110 193
111 227
111 177
111 169
112 156
112 192
112 181
113 239
113 135
113 117
114 211
114 233
114 220
115 141
115 145
115 178
116 185
117 221
117 239
119 159
119 125
119 212
120 240
120 239
121 154
121 194
121 216
122 219
122 221
123 198
123 243
123 128
124 236
124 144
124 170
125 140
125 162
125 201
126 171
126 130
127 238
127 164
127 158
127 230
128 198
128 139
128 241
129 224
129 253
129 231
129 137
131 182
131 249
131 176
132 151
132 193
132 133
132 252
133 151
133 202
133 252
134 217
134 199
134 136
135 240
136 184
136 209
137 231
137 234
137 171
138 203
139 152
141 235
141 178
142 246
142 244
143 195
143 232
144 204
144 170
144 180
145 244
146 245
146 229
146 207
147 192
147 224
147 248
148 215
149 224
150 253
150 234
150 173
151 196
151 232
152 229
152 188
153 220
153 203
153 204
153 205
154 216
155 165
155 210
155 222
156 209
156 172
156 192
157 213
158 176
158 164
158 161
159 206
159 212
161 230
163 169
163 167
164 249
164 238
164 176
165 226
165 250
165 206
166 242
166 193
167 230
167 233
168 170
168 180
168 200
168 189
169 177
169 179
170 237
171 234
172 241
172 209
173 234
174 199
175 201
175 182
175 190
176 223
176 225
177 238
178 226
178 213
179 227
179 181
180 205
180 243
181 227
181 248
182 201
183 188
183 185
184 209
185 188
186 202
186 219
187 193
187 252
187 245
189 243
189 217
190 251
191 250
192 248
193 196
195 218
195 232
197 202
197 252
198 229
199 222
200 217
201 212
202 232
202 228
203 220
203 204
204 236
204 205
206 226
207 229
210 217
210 222
214 228
216 242
218 234
221 239
221 247
223 225
224 253
226 235
226 250
228 232
233 242
235 250
238 249
239 240
244 247
245 252
