123 275 10.8387
4.85906 1.49142
4.28848 9.97266
1.78107 0.179461
6.23967 2.02345
10.4398 1.81151
9.2218 5.67209
7.91664 5.69179
7.52596 3.94058
0.71156 4.08638
5.39839 2.13868
2.49664 10.5709
8.19321 8.27293
6.70825 4.20257
10.0215 0.17646
4.15216 0.957143
3.45047 0.445081
6.66763 7.81771
0.764195 5.92632
4.0217 7.65279
2.11275 6.83122
2.20744 5.1717
1.59356 10.1872
6.36052 5.0008
5.42124 6.74975
5.93298 2.83575
2.51545 7.63055
9.94153 5.19754
5.82074 7.55352
0.435729 1.55274
9.98935 6.10271
1.90898 3.62993
7.59287 10.1907
9.13743 0.229676
4.90951 7.50157
3.22866 1.31834
4.313 6.79868
2.54644 4.29448
5.71587 1.29995
1.6011 7.62333
2.25829 8.50884
1.10921 8.41798
10.7647 5.59025
6.61076 10.3202
8.43248 2.08457
9.9227 1.07781
10.5647 9.45203
0.226564 2.45803
9.37385 4.47188
1.67883 5.92745
7.5563 7.61133
7.31656 8.54091
9.90215 3.67156
7.00387 9.45517
0.68519 5.00318
5.92164 9.65156
7.22042 0.22089
5.00347 0.601704
8.47123 7.30657
2.54516 0.659127
1.17312 6.76321
10.8376 3.40364
8.19446 0.359969
8.58966 6.32671
10.729 10.4151
1.53949 4.50932
9.10752 8.06613
8.83697 1.14935
8.5565 5.02439
3.63785 9.31535
4.96997 9.3468
7.82878 1.30379
1.61841 9.24109
4.98753 2.98829
9.04175 9.21815
6.98066 5.73865
0.131383 8.53789
4.31503 8.55735
5.33027 8.38646
3.02546 2.28261
1.25746 2.08921
0.572737 7.58709
3.41845 10.3253
0.00702138 0.670816
2.20286 1.6251
8.00407 9.28876
6.31707 8.7149
9.93259 8.67723
3.76251 5.96809
4.01925 1.91451
7.59604 6.59707
8.48822 3.98729
2.68806 6.03132
3.18091 5.07396
2.84795 3.32916
0.842451 10.8367
5.37026 4.94395
9.44155 6.93899
4.7718 4.02639
0.700313 9.75135
5.92858 5.89035
4.84305 5.93793
4.27299 5.00651
6.84399 3.23308
9.07327 3.05945
8.6054 10.2014
2.61737 9.59111
3.26545 8.30994
7.20872 2.18301
6.01111 0.314018
1.29129 1.01284
9.71894 10.0623
6.52533 6.82407
3.65312 4.08715
9.47433 2.01772
1.02227 3.14216
5.17382 10.4005
10.6216 4.44759
0.0339656 6.63158
3.90668 2.99578
10.314 7.63961
3.28407 6.9651
6.74795 1.16558
7.95036 3.0242
0 56
0 88
0 37
0 9
1 68
1 69
1 81
1 115
2 94
2 21
2 10
2 109
2 58
3 121
3 9
3 107
3 24
4 44
4 113
4 28
4 46
5 67
5 26
5 62
5 29
6 74
6 67
6 89
6 62
7 102
7 122
7 12
7 90
8 114
8 116
8 64
8 53
9 37
9 72
9 24
10 105
10 81
10 58
11 49
11 65
11 50
12 102
12 22
13 110
13 63
13 32
13 44
13 82
14 15
14 56
14 88
15 81
15 58
15 34
16 111
16 27
16 49
16 85
17 41
17 53
17 48
17 117
17 59
18 120
18 35
18 106
18 33
18 76
19 59
19 91
19 25
20 64
20 48
20 92
20 91
21 71
21 98
21 94
22 99
22 95
22 74
23 100
23 99
23 33
23 27
24 72
24 102
25 120
25 38
25 106
25 39
26 47
26 116
26 41
26 29
27 111
27 77
27 33
28 82
28 109
28 79
28 46
29 41
29 96
29 117
30 114
30 93
30 64
30 36
31 52
31 84
31 104
31 55
32 104
32 61
32 66
33 35
33 77
34 58
34 78
34 88
35 87
35 100
35 120
36 93
36 92
37 108
37 121
38 59
38 40
39 106
39 71
40 80
40 75
40 71
41 53
41 117
42 52
42 54
42 108
42 55
43 70
43 113
43 122
44 82
44 113
45 86
45 75
45 110
45 63
45 98
46 60
46 114
47 90
47 51
47 67
48 59
48 91
49 89
49 57
49 50
50 85
50 52
50 84
51 103
51 60
51 116
52 85
52 84
53 116
53 64
54 69
54 85
54 115
55 121
55 61
56 115
56 108
57 96
57 62
57 65
58 83
59 80
60 114
60 116
61 70
62 89
62 96
63 110
63 98
63 94
65 86
66 70
66 113
67 90
68 106
68 105
68 76
68 81
69 77
69 76
69 115
70 121
70 107
71 105
71 98
72 118
72 97
73 84
73 86
73 104
73 110
74 99
74 89
75 80
75 86
76 106
76 77
77 85
78 83
78 88
78 93
79 109
79 83
79 114
80 117
80 119
81 105
82 94
83 109
84 104
86 119
87 92
87 101
87 100
87 120
87 91
88 118
89 111
90 122
90 103
91 92
91 120
92 112
92 101
93 118
93 112
94 98
94 109
95 97
95 101
95 99
96 119
97 112
97 101
99 100
99 111
100 101
101 112
102 107
102 122
103 113
103 122
104 110
107 121
107 122
108 115
108 121
112 118
117 119
