255 583 15.317
8.31395 7.26092
4.31803 9.98524
9.67517 9.34807
0.592696 3.51793
14.614 13.2541
8.31695 3.67899
12.9419 0.809679
0.940526 8.16518
1.29482 6.33949
14.5346 15.0847
10.5109 3.78853
14.5198 7.75639
1.93288 9.56043
6.44624 5.36955
3.50179 10.517
2.10945 8.5037
12.1424 0.536112
6.18927 7.10447
12.2441 12.582
7.94257 2.91912
5.89019 6.0132
10.5943 14.8445
6.34989 1.60743
2.66004 10.0123
8.04461 2.06998
11.5146 3.93656
1.60042 14.462
5.1953 14.6772
7.08457 2.83761
12.6518 13.3425
0.848779 14.0249
6.39881 8.87103
14.0777 12.596
10.6376 2.17789
11.0897 14.134
2.68095 9.14472
5.72076 3.30204
1.00732 5.49614
4.40918 14.1748
2.75947 5.07735
1.35239 8.92104
13.7119 14.8481
10.9047 4.55715
2.68883 10.8849
1.44357 3.66546
0.0309524 13.7022
1.67035 0.0223958
10.4522 1.32805
5.04196 0.220368
7.96477 9.94382
4.99743 5.92124
9.00318 10.9183
13.4916 11.1489
1.86674 0.9118
8.02283 9.03021
15.2578 14.5921
5.39467 6.73081
7.45183 3.6443
4.28051 15.0587
5.51372 1.89074
5.12833 9.66382
13.1934 12.6459
0.009102 4.17013
10.6284 10.6069
11.516 2.03151
6.56044 3.55717
12.8649 11.8009
7.16477 1.95097
6.88485 14.9835
12.2001 8.00382
6.33833 7.97754
10.4638 9.7118
3.77891 7.71225
14.6955 9.64705
3.39114 4.42699
11.5293 10.7963
8.4423 5.64287
4.6338 8.03672
3.43773 0.113762
7.64847 14.466
5.47522 7.64396
3.94247 2.47726
13.1211 3.0749
14.5283 3.73337
8.16112 8.11829
0.798639 10.8957
9.76293 1.93645
7.08946 13.7116
3.62359 5.33516
10.5932 0.424478
13.4067 10.2351
13.0647 6.49718
14.8631 2.08214
13.7024 13.4268
9.10984 11.8378
0.0743874 7.94791
3.33283 13.5395
12.9619 2.14826
2.7733 0.771928
2.41087 1.66293
2.55862 15.0924
1.62942 13.5465
10.3039 7.52522
8.86484 9.73741
0.0428651 10.3162
8.50067 14.8798
11.2492 12.4621
12.538 5.70104
4.09411 6.16384
2.93377 5.98824
11.8824 8.89944
9.62926 13.2321
6.21859 2.51809
7.70298 0.124233
3.41298 8.58571
6.26284 11.0865
3.39186 6.84619
10.0523 14.1082
7.87703 4.47728
0.815936 14.9521
1.7076 7.68187
9.94967 8.42734
15.1507 3.00723
3.49119 9.59974
5.87072 4.219
5.34934 11.6331
12.9077 4.7938
5.55625 5.15518
1.85217 10.4763
9.68769 10.266
3.52015 14.4828
13.0704 14.1709
8.77501 12.7544
14.2696 11.6853
0.677039 13.0096
11.0333 6.86694
12.2803 1.45284
8.59214 0.542882
4.56593 1.72598
11.436 15.2505
14.6527 8.6789
14.8023 1.1022
13.7499 8.2501
11.358 1.04083
1.42929 1.76603
6.2539 12.0806
15.0502 7.00023
11.2435 7.85318
4.50084 7.06927
5.28279 12.6381
9.90447 11.2506
10.8888 11.5365
11.9008 11.7031
0.011574 0.236989
9.04574 14.0451
7.15377 9.43882
0.36947 6.20049
8.84959 4.68139
5.68231 0.93755
15.2147 11.3072
5.95475 15.2565
1.6094 11.4593
8.12065 11.9796
12.8627 8.72739
9.2492 3.71225
14.3836 14.1581
7.05984 10.4696
0.941502 0.658908
1.59345 12.5424
7.15686 11.5693
11.435 9.81073
7.22564 8.40228
7.85825 6.44576
5.37127 10.6121
12.7999 15.1674
0.70541 11.9752
10.6416 13.2752
8.84347 1.54382
10.8815 8.824
2.48759 14.0839
11.6931 13.3721
13.0549 7.49886
0.410087 1.56821
7.74987 1.14894
12.1718 2.77652
6.85501 4.50024
0.762667 2.57619
13.7614 9.29182
12.4751 3.84843
2.00396 4.47458
1.96782 5.65241
2.50488 11.9999
3.41987 12.5467
9.52084 14.9921
6.22724 14.2367
6.79521 6.35203
4.3749 10.9415
7.25872 7.33459
8.01644 10.9288
11.5493 5.96384
4.39376 12.057
8.928 6.53228
15.0408 12.3938
3.4581 11.4857
8.96311 8.71289
12.54 10.8487
0.936653 4.51472
2.71706 3.66616
13.988 6.94118
12.0458 14.3928
4.21438 0.745631
8.09734 13.5526
4.35812 9.01605
5.28295 13.7017
0.0628475 5.17872
1.83185 2.75083
9.44808 5.56896
13.5564 3.98807
3.80832 3.49293
6.23361 13.1397
11.1236 3.03289
4.54244 4.91631
13.5764 5.60153
0.352569 8.94768
10.5548 5.49717
12.5085 9.7414
14.3418 4.77931
10.0059 2.94408
0.787068 7.18972
14.1098 2.79326
9.62106 0.774287
9.9134 4.56546
14.3646 10.6246
4.31417 13.1708
10.0357 6.51328
6.74591 0.688556
2.92576 2.57408
10.1264 12.305
4.8741 3.85136
4.92792 2.72296
5.4276 8.68411
2.2007 6.74242
0.987819 9.86816
14.619 6.00863
13.8907 0.526075
2.75939 7.74399
3.45845 1.56458
7.43358 5.43919
8.9079 2.65019
13.8913 1.6741
11.8534 4.88835
9.24422 7.61635
6.1472 9.84758
12.1059 6.93916
7.27034 12.6738
0 172
0 201
0 84
0 251
1 212
1 123
1 60
1 196
2 204
2 103
2 129
2 71
3 122
3 186
3 62
3 44
4 32
4 202
4 45
4 165
5 19
5 118
5 57
5 164
6 16
6 244
6 136
7 228
7 95
7 120
7 223
7 40
8 190
8 156
8 241
9 41
9 165
9 55
9 244
9 153
10 227
10 220
10 231
10 42
11 208
11 146
11 95
11 142
11 140
12 40
12 35
12 242
12 128
12 23
13 185
13 127
13 247
13 20
14 123
14 203
14 196
15 120
15 245
15 40
15 35
16 139
16 174
16 143
16 136
17 56
17 195
17 80
17 70
18 152
18 180
18 29
19 24
19 28
19 248
19 57
20 127
20 56
20 195
21 117
21 34
21 139
21 89
22 158
22 235
22 59
22 67
22 112
23 35
23 128
23 123
23 43
24 183
24 67
24 177
25 220
25 42
25 188
25 250
26 30
26 101
26 179
26 119
26 46
27 213
27 160
27 48
28 67
28 112
28 65
28 57
29 61
29 180
29 131
30 45
30 101
30 119
31 70
31 240
31 171
31 252
31 155
32 133
32 61
32 202
32 93
33 86
33 47
33 64
33 227
33 220
34 180
34 176
34 209
35 114
35 123
36 239
36 112
36 238
36 124
36 65
37 206
37 214
37 190
37 156
38 233
38 213
38 130
38 58
39 189
39 74
39 190
39 88
39 109
40 223
40 242
41 174
41 131
41 165
41 244
42 231
42 224
42 250
43 128
43 203
44 215
44 206
44 189
45 134
45 55
46 119
46 100
46 167
47 230
47 89
47 143
47 86
48 58
48 160
48 210
48 158
49 155
49 103
49 198
50 127
50 108
50 56
51 129
51 198
51 150
51 94
52 90
52 205
52 232
52 133
52 66
53 167
53 98
53 144
53 99
54 84
54 204
54 155
55 165
55 119
55 153
56 148
56 80
57 65
57 118
58 130
58 78
58 210
59 158
59 138
59 239
59 112
60 212
60 240
60 252
60 173
61 66
61 93
62 83
62 206
62 214
63 71
63 150
63 151
63 75
64 136
64 184
65 124
65 185
66 205
66 152
67 183
68 194
68 160
68 79
68 235
68 113
69 147
69 181
69 163
69 110
70 80
70 171
71 178
71 129
71 170
72 116
72 148
72 245
72 77
72 114
73 187
73 140
73 104
73 232
74 218
74 207
74 88
75 170
75 151
75 205
75 152
76 247
76 216
76 172
76 201
77 148
77 80
77 212
77 240
78 130
78 100
78 98
78 210
79 211
79 87
79 105
80 240
81 246
81 138
81 236
81 218
81 239
82 97
82 184
82 229
82 188
82 217
83 229
83 122
83 217
84 171
84 204
85 242
85 104
85 159
85 161
86 177
86 227
87 254
87 219
87 211
87 194
88 221
88 109
88 108
89 139
89 230
89 143
90 187
90 225
90 232
91 107
91 222
91 253
91 208
91 181
92 141
92 249
92 182
92 229
92 122
93 131
93 165
94 150
94 162
94 132
95 228
95 223
96 192
96 179
96 233
96 130
97 136
97 249
97 184
98 246
98 99
99 144
99 246
99 236
100 179
101 168
101 179
102 234
102 135
102 251
102 147
102 121
103 204
103 129
104 242
104 232
104 159
105 154
105 193
105 113
105 137
106 151
106 152
106 180
106 176
107 250
107 126
107 222
107 199
108 116
108 148
109 190
109 241
109 116
110 178
110 163
110 170
110 225
111 132
111 237
111 154
111 117
111 176
113 183
113 137
114 245
114 212
115 166
115 173
115 169
115 145
117 154
117 176
117 193
118 185
118 157
118 247
119 153
120 241
120 228
120 245
121 251
121 204
121 178
122 229
122 186
123 212
124 238
124 185
124 127
125 173
125 200
125 149
125 145
126 188
126 217
126 250
126 222
127 221
128 242
128 161
129 150
131 209
131 174
132 162
132 211
133 232
133 159
133 202
134 175
134 168
135 234
135 199
135 253
135 147
136 143
137 183
137 230
137 177
138 210
138 239
139 209
140 142
140 223
141 244
141 153
141 249
141 182
142 181
142 163
142 187
144 182
144 186
144 215
145 169
145 219
146 208
146 243
146 156
146 228
147 178
149 200
149 213
149 219
150 151
150 237
151 152
151 237
152 205
153 167
154 211
154 193
155 171
155 252
155 166
156 214
156 243
156 228
157 231
157 216
158 160
159 232
159 175
160 194
160 235
161 175
161 191
162 198
162 169
162 254
163 187
163 225
164 227
164 231
166 252
166 198
167 182
168 175
168 191
169 198
169 254
170 225
171 197
172 247
172 195
172 201
172 197
173 252
173 196
174 209
175 202
176 237
176 180
177 230
177 248
180 209
181 253
181 208
182 186
183 235
184 220
185 247
186 215
188 217
189 206
189 207
190 241
191 203
191 192
192 203
192 200
192 233
193 230
194 213
194 219
195 247
195 197
196 203
199 224
199 250
199 253
200 203
200 233
201 216
201 234
201 251
204 251
205 225
206 214
207 236
207 218
208 243
210 246
212 240
213 233
213 219
214 226
214 243
215 236
216 231
216 224
216 234
217 226
218 238
219 254
220 227
221 238
222 226
222 243
223 242
224 231
227 248
229 249
236 246
238 239
241 245
244 249
