127 281 10.8475
8.37893 8.09404
6.53235 6.50133
6.78049 5.7025
5.1313 3.90739
4.68002 2.33738
4.1386 1.69825
5.88783 3.54976
1.39499 8.53968
10.6158 4.5678
6.17733 9.07554
9.94238 9.01195
3.98114 9.27881
8.51518 4.04999
3.36926 4.50267
2.91578 2.73229
7.84407 0.858361
4.06514 5.01355
9.63043 0.643303
10.6411 9.52349
5.36131 2.86435
8.09021 8.90146
2.06539 2.93088
10.1316 10.7649
7.53215 8.20972
5.83479 4.41517
10.8121 8.65226
2.22961 2.05856
7.1599 9.01594
9.0913 6.62857
4.26651 4.15883
7.60026 5.40975
2.52802 3.862
0.62955 4.18033
0.665956 3.26262
2.25341 10.2512
2.5252 4.78295
0.0866941 2.54471
2.50467 1.07787
8.74624 0.837411
2.85347 7.68652
10.4305 1.75926
9.29194 5.72787
4.09063 6.58729
3.81455 2.56431
7.1996 2.61511
5.48628 1.95692
10.4007 5.4471
6.2649 2.7388
9.22947 10.6658
9.80211 9.90271
7.41686 6.32818
8.3978 1.7852
1.99939 6.71847
5.2699 9.13208
5.72548 9.99124
3.68136 0.916777
6.68564 4.80001
5.24564 0.0303338
0.649321 8.00617
0.49885 1.50122
7.43237 1.68743
8.34621 6.05782
6.22369 10.8375
7.20149 10.6945
6.44269 1.78397
5.54647 8.19436
1.78615 7.67968
4.97084 4.80758
6.69888 9.84352
4.50011 3.24158
4.26007 0.123213
3.44904 5.70366
0.150248 10.401
10.0412 8.08649
1.79979 9.38904
9.03655 8.75171
4.63595 5.76852
6.56784 8.22033
9.15453 7.58777
8.79989 9.76118
8.8239 2.69501
3.62831 10.163
6.05414 7.31338
0.50899 5.15825
3.4054 8.51629
1.87441 0.318261
3.83632 7.55228
0.238626 6.18653
2.34974 8.52521
4.88477 7.39997
7.63047 4.42093
7.74301 9.81402
7.94407 3.2816
10.0438 6.39383
2.41021 5.7783
3.17998 1.80011
1.53403 3.74775
5.41682 6.47171
10.605 0.772638
2.85955 9.4503
1.52241 4.82142
0.746487 9.26592
8.20502 7.09698
3.48213 3.53169
0.809746 0.49674
6.85406 0.824698
7.12279 7.30719
1.21077 2.41017
8.22865 10.7958
9.41837 1.61573
1.52585 1.34338
8.53851 5.02963
5.74635 0.954525
9.90655 2.62863
4.49492 8.42584
4.68201 9.98734
0.980752 6.99725
9.40211 3.62258
3.05215 6.68655
2.95559 0.155044
10.5375 3.57423
6.87975 3.61201
9.63037 4.73694
10.7296 7.2596
5.83084 5.44056
1.30854 5.91312
1.21525 10.2915
0 23
0 78
0 20
0 75
1 2
1 50
1 82
2 56
2 124
2 30
2 50
3 69
3 6
3 67
3 24
4 5
4 45
4 69
4 43
4 19
5 55
5 95
6 19
6 121
6 47
6 24
7 58
7 101
7 88
7 74
8 120
8 122
8 46
8 83
9 77
9 53
9 68
10 73
10 75
10 18
10 49
11 114
11 84
11 115
11 81
12 92
12 90
12 117
12 111
13 103
13 35
13 16
14 95
14 21
14 103
15 108
15 105
15 38
15 60
16 29
16 67
16 71
16 76
17 48
17 22
17 38
17 98
17 109
18 25
18 101
18 49
18 72
19 45
19 69
19 47
20 23
20 75
20 91
21 107
21 26
21 96
22 48
22 49
22 72
22 98
23 106
23 77
23 27
24 67
24 56
24 124
25 73
25 58
25 101
26 110
26 95
27 68
27 91
28 41
28 102
28 61
28 93
28 78
29 103
29 69
29 67
30 90
30 111
30 50
31 103
31 96
31 35
32 33
32 96
32 83
33 107
33 120
33 36
33 96
34 74
34 99
34 126
34 85
34 119
35 100
35 94
36 40
36 113
37 85
37 119
37 110
37 95
38 109
39 118
39 86
39 88
39 84
40 98
40 109
40 59
40 113
41 122
41 111
41 93
42 76
42 118
42 86
43 95
43 103
43 69
44 60
44 121
44 47
44 92
45 112
45 64
46 122
46 83
46 93
46 87
47 64
48 108
48 79
48 49
50 61
50 106
51 60
51 109
51 80
52 125
52 94
52 116
52 118
52 66
53 114
53 65
53 115
53 54
54 115
54 68
54 62
55 119
55 70
55 95
56 90
56 124
57 115
57 62
57 70
57 112
58 116
58 123
59 98
59 110
60 105
60 64
61 111
61 102
62 63
62 105
63 68
63 108
63 91
63 105
64 105
65 89
65 82
65 77
66 116
66 88
67 76
67 124
68 91
69 103
70 115
70 81
71 94
71 118
72 126
73 78
73 123
74 101
74 88
74 99
74 126
75 79
76 97
77 106
77 82
78 102
79 91
80 92
80 113
80 117
81 99
81 115
81 119
82 97
82 106
83 125
83 100
84 114
84 86
84 88
85 126
85 104
85 119
85 110
86 114
86 89
87 125
87 93
87 116
88 99
89 97
89 114
90 121
90 111
91 108
92 121
93 123
94 125
94 118
96 100
97 124
98 104
100 125
101 126
102 106
104 126
104 110
105 112
107 110
109 113
111 122
113 120
113 117
116 125
116 123
117 120
117 122
