63 139 7.73092
3.79107 4.66913
3.87738 7.01148
1.3306 0.821124
6.41225 5.15917
1.34336 4.32895
7.23592 5.36658
7.22533 6.87877
5.6587 0.071521
4.42802 6.36324
6.5017 2.31497
3.05914 0.698907
1.26491 3.45453
2.43724 1.33036
1.4478 5.19781
7.41785 0.0120058
6.59722 1.42561
3.87558 2.65573
3.07206 3.19892
3.94843 5.53998
5.62462 4.75822
1.59301 1.67473
4.54738 1.96621
1.21059 2.53217
2.10451 3.84756
0.496755 0.474986
7.4005 0.949906
0.384051 7.11542
5.38173 3.84458
5.92307 3.03754
7.32125 4.44749
6.34206 7.16535
4.68525 4.52718
3.02419 4.16526
2.16416 0.414203
0.476523 3.99523
4.69523 1.00475
0.636729 1.45783
2.04379 6.86045
6.54606 0.427588
2.14786 2.85502
3.02108 5.19073
5.70862 1.03271
6.93073 3.18578
3.73152 1.39317
5.55356 2.07859
6.36813 4.08578
1.19318 6.23939
2.19243 5.83185
1.29202 7.58242
5.56391 6.47442
0.116461 6.12209
6.60134 6.11836
4.81786 7.27887
7.44074 1.98573
2.97944 2.17765
4.97659 5.5415
0.449935 5.06295
3.95406 0.255122
0.265644 2.95259
4.8644 2.94263
3.21138 6.27637
2.96802 7.41474
3.99537 3.69191
0 62
0 32
0 31
0 40
0 18
1 60
1 8
1 61
1 52
1 57
2 48
2 24
2 33
2 20
3 19
3 51
3 5
4 11
4 23
4 34
4 13
5 29
5 56
5 51
5 50
6 51
6 50
6 30
6 26
6 14
7 52
7 30
7 41
7 38
8 55
8 52
9 44
9 53
9 15
9 28
9 42
10 61
10 33
10 57
10 12
10 43
11 22
11 23
11 34
12 33
12 20
12 54
13 56
13 47
14 26
14 38
14 25
14 24
15 41
15 25
15 53
16 54
16 62
16 59
17 54
17 39
17 62
17 32
18 60
18 40
18 55
19 27
19 31
19 45
19 55
20 36
20 22
21 35
21 43
21 59
22 58
22 39
23 39
23 32
24 48
24 25
24 36
25 38
25 53
26 50
26 48
27 59
27 28
27 31
27 45
28 44
28 59
28 42
29 45
29 56
29 34
30 49
30 38
31 62
31 55
32 62
32 40
33 48
33 61
34 58
34 56
35 57
35 41
35 43
36 53
37 46
37 47
37 48
37 61
38 41
39 54
40 47
40 60
41 44
42 58
42 45
43 54
44 59
46 50
46 47
47 60
49 55
49 51
49 52
50 56
52 57
53 58
57 61
59 62
