63 137 7.71631
3.34645 4.84132
0.297092 2.21171
5.84489 5.94856
1.27287 3.0363
5.11444 1.76611
2.35581 0.565693
3.7645 1.65064
4.40598 6.98705
3.76596 3.11958
7.55848 5.19643
6.78662 0.359506
6.54124 1.20159
2.93027 7.61704
4.63059 3.33539
6.92988 4.56052
6.50795 5.3717
0.0528893 4.20476
2.18108 2.69531
1.96339 3.59892
5.49432 3.65299
4.90043 4.37597
1.47902 5.51706
0.552011 6.94423
7.37439 1.58211
0.58213 1.36184
3.49912 6.87978
2.87692 3.3546
6.34306 6.70676
2.62605 4.28787
6.1217 2.02799
5.20448 5.29538
1.00003 0.0814911
4.23157 5.08079
1.06294 3.94046
0.737069 4.88399
5.95829 7.62037
3.2275 0.888575
1.43696 6.50344
4.54459 6.05261
4.95073 0.0462339
5.33245 6.7435
5.36635 2.68647
4.37544 2.37748
1.4985 0.969035
1.95481 7.41245
3.89946 0.0979159
3.13151 2.37457
3.93011 4.08253
0.0443503 0.490599
7.17713 6.10712
4.49541 1.00735
5.92946 4.55621
5.59188 0.905917
2.39895 1.56789
0.53623 5.92008
3.48869 5.83832
7.27133 7.20651
1.37264 2.05353
2.48942 5.32512
6.53635 3.61016
0.284018 3.20027
7.03647 2.57859
2.52861 6.46481
0 28
0 47
0 32
0 58
1 23
1 24
1 60
2 30
2 15
2 40
2 27
3 57
3 60
3 18
3 33
4 50
4 52
4 42
4 41
5 44
5 12
5 43
5 36
6 36
6 50
6 46
6 42
7 38
7 25
7 40
7 45
7 39
8 46
8 42
8 26
8 13
8 47
9 14
9 34
9 49
9 54
10 35
10 56
10 11
10 48
11 52
11 29
11 23
12 25
12 45
13 41
13 19
14 59
14 51
14 16
14 15
15 51
15 49
16 60
16 34
17 57
17 46
17 18
18 26
18 33
18 28
19 41
19 59
19 20
19 51
20 47
20 32
20 30
21 34
21 54
21 58
21 37
22 54
22 56
22 37
22 31
23 24
23 61
24 48
24 43
24 57
25 55
25 62
25 45
26 46
26 28
27 49
27 40
27 35
27 56
28 58
29 41
29 61
30 32
30 51
30 38
31 44
31 48
31 43
32 47
32 55
32 38
33 60
33 34
34 54
35 39
35 52
36 45
36 53
37 54
37 62
37 44
38 55
39 50
39 45
39 52
41 42
43 57
43 53
44 62
45 50
46 53
48 56
49 54
49 56
50 52
51 59
55 58
55 62
58 62
59 61
60 61
