63 139 7.7386
1.91488 1.62045
0.909154 4.46247
3.63164 1.29581
6.02769 6.91717
3.23475 0.549643
0.169275 6.13142
2.83981 6.37014
6.71205 1.61814
7.37066 6.81295
5.66826 5.9228
1.77341 4.44365
7.36972 5.43673
6.80176 4.13887
1.49513 5.28316
4.48153 4.52724
7.58377 7.67342
1.36651 7.68933
2.01277 6.0296
1.50278 0.856009
6.66881 7.53661
6.17846 2.34482
2.73602 1.28915
2.56814 2.21962
1.08018 6.11093
1.00494 1.6559
4.72833 5.79278
4.85312 3.66292
0.558243 5.30014
4.02435 0.104444
3.5615 4.73277
6.52283 3.23795
5.1341 6.68694
4.56722 2.04523
3.87623 3.78631
7.14927 2.45729
7.67538 4.52967
2.70401 4.21913
1.9652 3.51632
5.28839 2.76346
7.03513 0.723146
3.56593 2.23478
0.926526 3.51738
2.31903 0.30269
0.542696 0.623662
2.08396 7.01062
6.4611 5.05894
6.00655 0.558197
5.82243 3.98933
4.1039 6.81648
4.55027 0.995824
2.66974 5.27307
0.466571 2.54053
3.12492 7.31466
5.37432 4.97945
0.608952 7.0203
7.7101 1.55213
6.64213 6.14057
1.5735 2.53142
5.06749 0.00448646
5.51794 1.54904
7.56692 3.45774
3.66862 5.79187
2.99777 3.17266
0 18
0 21
0 57
0 22
1 41
1 10
1 27
2 21
2 4
2 49
2 40
3 56
3 31
3 19
4 52
4 42
4 21
4 28
5 11
5 27
5 23
5 8
5 54
6 17
6 61
6 52
7 39
7 20
7 55
7 34
8 56
8 15
8 54
9 53
9 56
9 31
10 37
10 36
10 13
11 45
11 35
11 56
11 27
12 60
12 30
12 47
12 45
12 35
13 27
13 23
13 17
14 33
14 26
14 29
14 53
15 19
15 54
15 39
15 43
16 54
16 44
16 18
17 23
17 50
17 44
18 43
18 42
18 24
19 46
20 59
20 34
20 38
20 30
21 22
22 57
22 40
22 62
23 27
23 54
24 55
24 51
24 57
25 53
25 61
25 31
26 33
26 38
26 47
27 35
28 52
28 48
28 58
28 49
29 33
29 36
29 61
29 50
30 34
30 60
30 47
31 48
31 58
32 49
32 40
32 59
32 38
33 62
34 55
34 51
34 60
35 60
36 37
36 62
36 50
37 57
37 41
37 62
39 46
39 55
40 62
41 51
41 60
42 44
42 52
43 55
44 52
45 53
45 56
46 58
46 59
47 53
48 61
48 52
49 58
49 59
50 61
51 55
51 57
51 60
