252 571 15.3327
6.18701 4.20637
2.02902 2.03675
11.5755 14.0274
8.57038 7.94711
6.91261 0.801409
12.1198 1.33735
12.4177 12.5822
5.02624 6.60951
3.781 9.96175
6.73103 5.69911
15.175 9.26129
10.352 0.76324
9.83059 14.3417
10.0869 11.252
14.9226 13.6438
4.22238 4.96073
5.02891 0.29632
8.00382 2.16963
14.5456 10.6326
12.6785 3.76188
9.30919 6.30553
4.67103 14.5921
10.8389 5.8338
10.5024 12.6861
9.42846 3.72952
0.68818 2.81292
7.50748 0.188828
1.98755 15.0269
6.2062 3.35505
1.15423 14.8116
9.38429 8.20125
1.73178 1.2413
5.02965 4.66152
7.23971 1.77634
4.2188 15.3244
11.9565 11.8558
7.82329 8.35774
0.581439 14.1557
12.2562 4.52372
1.23293 13.0874
10.7052 10.6428
8.87025 4.40455
9.84992 10.418
12.1736 13.4065
8.3098 10.9333
0.383503 13.2975
12.6942 5.32617
7.81967 12.7095
5.05808 8.48615
7.25689 14.1105
2.65484 1.44385
2.86968 15.024
6.94113 8.401
5.42404 9.30614
13.0021 2.91452
1.25048 3.88637
11.6924 14.8896
2.94454 6.44229
6.83153 10.1407
1.16161 2.06276
11.3932 10.0639
0.322097 7.39531
4.1683 8.39034
14.2136 14.1601
3.46399 4.53596
3.27994 8.22107
15.0539 4.54945
0.491478 11.2032
13.0832 12.0217
14.1282 13.2457
4.35408 0.878635
14.5076 8.69102
1.06774 5.6474
4.50836 9.23983
10.9736 0.131429
9.75072 4.59228
11.5697 6.34685
9.21653 11.0545
7.76343 1.05043
13.5321 6.34463
7.34972 10.9035
3.58319 9.09651
13.3283 13.8898
1.64649 4.71799
0.243085 1.95371
10.2436 6.51648
6.98712 3.81628
4.22703 10.7349
10.8475 13.5176
4.72735 3.03458
1.47896 13.9647
14.1231 4.53753
4.91552 10.0809
13.238 12.9467
14.821 7.80756
12.3258 10.1039
2.00715 5.5948
0.818622 1.19224
12.6351 2.0669
7.66143 11.792
1.7713 12.3536
13.1693 4.52733
8.0435 13.6154
14.6564 0.0865368
4.20671 13.5989
5.33793 10.9368
2.4031 14.2138
2.58721 4.83709
15.0754 14.5455
14.4188 5.99404
11.8416 0.486493
9.05958 7.18741
5.88469 10.1302
9.11102 14.9918
15.1918 6.58061
5.25237 1.18993
10.0564 15.2282
13.9911 12.2993
14.6085 1.92978
1.36547 0.384772
12.0564 7.16669
14.3908 9.73009
12.5481 8.03007
8.41736 0.352848
11.5718 11.0004
7.4329 9.20909
7.86982 10.0958
2.15853 13.2571
3.7972 12.7032
12.0631 3.07107
2.35625 0.544879
12.451 14.3045
13.0478 7.17168
0.854191 6.59321
14.6102 3.69714
6.89899 4.78824
11.5453 8.01861
3.43164 7.27144
6.98824 13.1843
13.6425 5.38614
8.52099 3.52113
8.95727 14.0097
0.677525 4.66088
5.67021 11.8731
13.6115 3.64592
14.2719 6.98541
5.36438 3.77935
14.0505 0.882297
6.70669 2.5543
12.6675 15.2859
0.759397 9.40722
5.99223 8.29078
12.5492 6.2795
15.0791 2.80744
1.41006 8.60033
5.59209 7.34858
1.44992 11.408
2.72033 2.65842
11.6465 2.14093
11.0084 7.15081
10.7648 14.5041
3.23116 10.73
2.21943 3.90256
11.1631 1.23087
10.0248 7.48898
7.24134 6.49393
5.6085 14.7899
9.85571 13.3928
11.044 2.96909
2.46567 8.76677
0.299591 3.69316
7.61633 3.04052
3.53762 11.7221
13.6054 1.83037
7.79801 7.39036
9.92048 5.56874
8.66439 1.47713
2.84511 9.75966
4.64262 2.01
6.40637 9.2496
10.4763 9.68991
1.1008 10.416
8.46024 9.0912
3.22114 3.58585
0.0608767 10.1938
8.64775 11.8587
6.28792 13.9661
10.3854 8.48972
11.4808 3.93802
3.70379 14.4922
12.9979 0.951558
3.34397 5.52858
10.7216 4.85648
2.48716 11.641
6.35427 11.0659
10.8917 11.7899
11.47 12.7127
4.83116 12.7759
1.3016 7.5476
9.53636 9.16979
3.401 0.53045
1.7904 9.58944
9.39463 0.694248
14.9597 12.6691
2.16716 10.6088
13.3553 10.1914
6.71503 14.9542
3.64002 1.59237
5.22097 13.7901
3.17272 13.5352
10.3991 3.81439
3.78364 2.6712
8.91597 10.08
9.98983 2.77817
5.99918 0.458997
0.361679 0.0586121
11.6963 5.34174
9.68781 12.1487
8.91459 2.53432
4.30668 3.97476
8.32703 6.43596
6.70146 12.1174
11.3344 9.04848
12.4389 9.07611
4.90952 5.65142
6.67293 7.42258
0.342153 8.4116
13.6954 15.0309
14.8671 11.5673
5.9738 6.33163
7.86946 4.37033
15.124 1.01845
8.1019 14.6693
7.6997 5.49763
4.61639 11.6955
5.90564 5.15284
4.50332 7.43807
12.6311 11.1005
1.67498 2.95635
13.5543 9.08181
8.83297 5.41948
1.93149 6.6287
0.0381199 5.53262
5.93275 12.9249
13.7763 7.95681
4.04977 6.38832
8.85578 12.9362
5.62799 2.52012
0.671765 12.2303
6.25551 1.55676
13.766 11.2488
2.41618 7.66279
0 28
0 146
0 86
0 235
0 135
1 59
1 31
1 50
1 238
1 157
2 88
2 43
2 160
2 56
2 131
3 174
3 111
3 30
3 36
4 214
4 78
4 26
4 249
5 110
5 190
5 158
5 98
6 196
6 35
6 93
6 68
6 43
7 224
7 245
7 229
7 236
7 155
8 81
8 177
8 161
8 87
9 235
9 135
9 233
9 229
9 165
10 71
10 226
10 150
10 121
10 184
11 116
11 202
11 74
11 163
12 141
12 167
12 116
12 160
13 42
13 77
13 195
13 40
13 217
14 203
14 69
14 45
14 108
14 63
15 64
15 32
15 224
16 34
16 70
16 214
16 115
17 33
17 176
17 171
17 218
18 121
18 184
18 250
18 228
19 129
19 38
19 144
19 101
20 240
20 175
20 220
20 111
21 208
21 189
21 34
21 166
22 175
22 216
22 85
22 76
23 195
23 217
23 196
23 167
23 88
24 140
24 41
24 210
25 59
25 153
25 238
25 170
26 206
26 78
26 123
27 29
27 106
27 51
27 130
27 119
28 247
28 148
28 146
28 86
29 90
29 37
29 215
29 119
30 164
30 199
31 130
31 119
31 97
32 219
32 146
32 224
32 235
33 78
33 249
33 148
34 189
34 200
34 70
35 124
35 237
35 196
36 174
36 52
36 125
36 182
37 45
37 90
37 108
38 188
38 101
38 216
39 248
39 100
39 45
39 127
39 90
40 180
40 42
40 60
40 124
41 140
41 230
41 75
41 240
42 212
42 180
42 77
43 196
43 131
44 126
44 77
44 185
45 203
46 101
46 216
46 139
46 152
47 99
47 138
47 102
48 62
48 53
48 151
49 186
49 102
49 206
49 232
50 130
50 207
51 106
51 189
51 200
52 225
52 151
52 125
53 73
53 179
53 112
53 92
54 98
54 129
54 144
55 238
55 170
55 142
55 162
55 83
56 131
56 74
56 110
57 191
57 241
57 137
58 179
58 112
58 80
59 97
59 84
59 238
60 222
60 180
60 95
60 124
61 114
61 133
61 94
61 198
61 226
62 65
62 236
62 81
62 73
63 82
63 69
63 227
63 108
64 183
64 219
64 191
64 107
65 251
65 137
65 169
65 81
66 91
66 134
66 142
66 242
67 181
67 228
67 156
67 248
68 237
68 250
68 117
68 93
69 117
69 93
69 203
70 207
70 115
71 244
71 94
71 239
72 242
72 96
72 133
73 81
73 92
74 116
74 160
74 110
75 210
75 175
75 192
76 216
76 152
76 159
76 120
77 212
77 185
78 123
78 176
79 139
79 152
79 145
79 109
79 132
80 126
80 194
80 99
81 177
82 93
82 131
83 142
83 162
83 96
83 107
84 231
84 118
84 97
84 153
85 175
85 164
85 159
86 171
86 230
86 135
87 92
87 161
87 234
88 196
88 167
88 160
89 211
89 247
89 219
89 146
90 106
91 101
91 134
91 139
92 112
92 105
94 145
94 244
94 226
95 223
95 205
95 237
96 107
96 241
97 231
97 119
98 158
98 173
99 221
99 185
100 156
100 193
100 127
101 144
101 139
102 246
102 141
102 232
103 227
103 108
103 147
103 231
103 215
104 128
104 197
104 209
104 208
104 189
105 112
105 234
105 194
105 143
106 127
106 209
107 162
107 191
108 215
109 139
109 242
109 145
109 114
110 149
110 163
111 220
111 164
112 179
113 141
113 232
113 116
113 123
114 242
114 145
114 133
115 214
115 178
115 249
116 160
116 202
117 250
117 203
118 231
118 173
118 153
119 215
120 152
120 136
120 122
120 132
121 239
122 136
122 132
122 223
123 232
123 202
124 195
124 237
125 179
125 182
125 126
126 212
127 209
128 172
128 197
128 209
129 158
129 168
129 188
130 200
131 149
132 152
132 244
133 241
133 198
134 153
134 144
134 170
135 230
135 235
135 233
136 159
136 222
137 245
137 251
138 243
138 186
140 171
140 218
140 230
141 246
141 232
142 170
142 242
143 234
143 194
143 243
143 221
145 244
146 219
147 190
147 231
147 173
148 249
148 247
148 171
149 227
149 190
150 226
150 154
150 184
150 201
151 155
151 179
153 170
154 198
154 226
154 201
155 229
155 236
155 225
156 181
156 204
156 193
157 238
157 211
157 183
158 163
158 168
159 164
161 204
161 177
161 172
162 238
162 183
164 187
165 233
165 220
165 225
165 174
166 208
166 186
166 214
167 246
168 213
168 210
168 188
169 251
169 201
169 177
172 193
172 234
173 190
174 220
175 240
175 192
176 202
176 218
177 204
177 201
178 207
178 211
178 247
180 199
180 222
181 184
181 204
181 201
182 199
182 212
183 211
185 246
185 217
186 243
186 208
186 206
187 199
187 222
188 210
189 209
191 245
192 210
192 216
193 204
194 221
195 196
197 234
197 243
197 208
198 241
198 251
199 212
200 207
201 204
203 228
203 248
205 239
205 250
206 214
207 211
208 243
210 213
213 218
214 249
215 231
220 233
220 240
221 243
222 223
223 239
224 235
224 245
228 250
230 233
233 240
236 245
237 250
239 244
241 251
247 249
