64 143 7.69026
6.61871 7.52105
6.9195 1.46237
6.3431 2.92573
4.35144 7.26503
2.44331 2.63089
0.165093 5.29911
3.43179 5.96713
2.87227 3.37065
5.13167 6.92584
3.93465 0.321559
4.29828 1.11981
5.08102 5.25059
5.30591 2.56425
5.35842 6.08231
4.8238 0.395593
3.40727 1.0405
1.99761 3.54756
7.06721 6.76735
2.03102 0.1691
1.96009 1.79815
0.0762642 1.67425
7.15107 5.84784
1.00067 1.78749
2.46774 0.995502
0.785481 3.46836
2.05584 5.04597
2.45817 7.03535
6.5008 3.81992
3.02067 5.14676
7.13777 0.576922
0.423667 2.56527
2.91925 1.8474
2.62537 4.25795
6.20281 5.6496
7.08687 2.37008
1.48655 0.950932
3.00253 0.168444
1.39816 6.34896
5.69912 7.67529
5.55294 3.49775
1.10806 5.35752
5.22644 1.37148
6.09053 6.71522
0.0689427 7.45614
3.4643 6.92569
6.16605 0.903033
0.273499 4.34401
4.44392 2.08494
0.466208 0.749723
3.53675 2.66732
1.35124 4.31492
6.10763 1.98343
1.14129 7.38108
0.328414 6.40053
4.36999 6.28321
1.46625 2.69433
5.86861 4.64038
6.97717 4.82682
7.43986 3.37737
2.42808 6.01035
4.50667 3.1912
4.79154 4.28472
4.0722 5.18491
3.67361 3.99516
0 38
0 17
0 29
1 45
1 29
1 51
1 34
1 20
2 51
2 34
2 27
3 54
3 44
3 8
3 9
4 31
4 55
4 7
5 57
5 46
5 21
5 40
6 59
6 28
6 62
6 54
6 44
7 16
7 49
7 63
7 32
8 54
8 13
8 38
9 36
9 15
9 14
9 10
10 15
10 14
10 47
10 41
11 61
11 56
11 62
11 13
12 47
12 51
12 60
12 39
13 54
13 33
13 42
14 38
15 36
15 31
16 55
16 50
16 32
17 21
17 42
17 43
18 52
18 26
18 35
18 23
18 36
19 35
19 31
19 55
20 48
20 34
20 22
20 30
21 57
21 33
21 53
22 35
22 30
22 55
23 35
23 36
23 31
24 58
24 30
24 55
24 46
24 50
25 50
25 32
25 40
25 59
25 28
26 59
26 44
26 36
27 39
27 58
27 56
28 32
28 59
28 62
29 43
29 45
29 48
30 58
30 55
31 49
32 63
33 56
34 51
34 58
35 48
36 44
37 53
37 40
37 59
37 52
38 42
38 45
39 60
39 61
40 50
41 45
41 47
41 51
43 53
43 52
43 48
45 51
46 58
46 57
46 50
47 49
47 60
49 60
54 62
56 61
56 57
60 63
60 61
61 63
61 62
