63 139 7.70129
6.31638 7.2274
2.69914 0.683358
4.59812 2.88756
6.97116 3.76631
6.76241 0.234661
0.49903 7.02078
1.26699 1.08399
7.54724 0.582294
2.99346 5.86349
0.41599 1.24491
3.38989 3.11782
5.63952 1.48468
1.82247 2.62647
5.16875 3.55203
5.99364 0.662463
0.37531 5.40392
4.44343 7.649
0.853608 4.32367
3.15153 3.99855
1.19669 1.96844
6.00625 5.51111
4.76164 1.73103
0.184937 3.56447
3.90801 5.77093
6.70378 6.4213
3.25692 1.39453
1.43028 7.12593
2.34548 5.19848
7.29662 7.19036
6.807 1.15024
5.40506 2.45872
7.66197 6.2653
7.4523 1.90184
2.46142 3.32807
7.18536 2.87113
5.03253 5.6351
5.32768 4.50409
1.83181 0.340337
0.469281 2.6159
3.3181 4.96363
3.45874 6.70118
1.33387 5.18378
2.14637 1.45039
4.35256 4.86221
7.01096 5.46366
5.42508 7.56081
2.07074 6.18079
1.18832 3.38152
4.1634 0.910592
0.997158 6.1901
0.770461 0.248764
3.44977 0.0758173
7.56335 4.53806
3.87423 2.23503
2.77789 2.32106
6.39624 4.55867
6.13469 3.23581
5.67153 6.49033
6.41213 2.13479
2.49126 7.19684
4.16579 3.78053
1.89505 4.24016
4.54685 6.61504
0 57
0 45
0 24
0 4
1 37
1 51
1 42
1 25
2 53
2 30
2 60
2 13
3 56
3 34
3 55
3 52
4 28
4 14
4 29
4 7
5 31
5 49
5 28
5 50
6 50
6 9
6 37
6 19
6 42
7 29
7 50
7 9
8 39
8 46
8 27
8 23
8 40
9 32
10 54
10 33
10 60
10 18
11 14
11 21
11 58
12 19
12 54
12 47
12 33
13 60
13 56
13 36
14 45
14 29
15 52
15 31
15 49
15 41
16 62
16 45
16 51
16 48
17 47
17 52
17 61
17 41
18 33
18 60
18 39
19 38
20 55
20 35
20 44
20 57
21 48
21 53
21 30
22 34
22 47
22 38
22 52
23 39
23 43
23 62
24 44
24 31
24 57
24 28
25 48
25 54
25 53
26 49
26 59
26 37
27 61
27 39
27 46
27 41
28 31
29 58
29 32
30 58
30 56
31 44
31 49
32 58
32 34
32 38
33 54
33 61
34 58
34 38
35 43
35 62
35 57
36 43
36 55
37 59
37 50
38 47
39 43
40 59
40 62
40 51
41 61
41 49
42 54
43 60
44 55
44 52
45 57
46 49
46 59
47 61
48 51
51 59
53 54
56 58
57 62
