255 577 15.3606
2.63559 3.87377
10.498 5.33412
6.47793 7.66311
8.54712 0.538048
12.1838 7.98374
3.32675 14.9265
8.33952 7.82279
9.3655 13.7896
7.54134 2.05605
13.0173 5.67769
8.31767 9.43315
6.04738 6.40362
0.799257 10.9567
11.3446 7.99587
15.3292 10.8211
2.55759 5.14236
3.20904 2.00341
3.42364 3.57119
13.8607 13.796
12.4038 4.20935
13.9535 6.35289
14.8007 5.04835
12.9283 7.58033
13.3885 14.508
5.7256 13.6822
7.62821 13.1859
10.533 2.98277
13.1178 15.3214
12.2056 7.13303
3.98636 9.06351
4.48524 7.62154
0.89124 6.06363
4.26795 3.39622
7.88266 8.54141
1.13206 2.82775
15.0161 9.48811
2.07108 12.7353
5.79372 12.8171
8.60699 11.2239
6.97952 1.41411
7.06253 11.4257
2.59647 6.92577
9.82211 4.71432
11.6195 4.56881
13.429 13.0395
1.63069 14.3432
6.10991 1.58215
13.9214 8.33335
15.2013 12.4931
3.66371 7.31282
3.68328 2.73773
5.21151 12.1455
8.92058 14.5312
12.9196 13.7743
11.9459 0.157455
3.81251 8.19841
3.03458 0.384797
12.6539 0.710505
5.22036 1.70283
3.33114 5.55368
10.1303 11.5012
3.88484 13.5906
1.2943 13.5063
10.2554 0.9414
9.04438 2.00333
6.69366 2.26696
2.55396 6.02596
0.101324 4.46397
7.13059 5.89753
12.4114 2.2912
4.72993 9.53914
7.21293 3.87424
3.36899 6.45979
11.3681 5.43915
10.4341 0.0416234
9.3814 12.9162
12.8824 11.1762
7.04349 15.134
11.2391 14.9354
8.77312 7.05889
14.7486 5.94075
4.88511 2.74486
0.980889 4.7503
7.89505 11.7691
2.20383 13.6312
12.2715 5.19583
7.44502 9.32959
4.91653 0.0205692
8.1627 4.56937
10.9264 1.57941
14.9075 3.71564
11.8774 13.7715
0.28019 5.38628
5.85421 15.2633
12.9968 1.57595
1.85521 7.57176
11.3078 7.09708
0.333617 7.99227
10.716 4.48312
1.43279 11.5993
12.3875 10.3776
2.4374 14.7885
2.14189 8.68326
5.78054 2.45224
9.40616 7.75457
10.1913 12.4387
8.42893 10.3249
4.81632 13.6454
8.81208 6.12008
7.34336 2.94309
11.1568 0.653575
0.390379 13.2423
10.193 13.4114
5.28733 14.4919
12.8011 9.51707
4.34475 4.31037
0.469779 11.8018
10.9544 14.0217
10.9262 8.8061
5.56623 0.821702
1.24027 8.32615
4.32648 6.45436
3.08539 8.91786
2.09363 0.328154
5.26328 5.92051
9.72614 5.79884
8.13047 3.60799
6.39613 3.21679
4.59698 0.981458
3.96825 0.214919
14.4042 2.87855
13.1375 4.7641
14.9186 14.3734
3.0678 14.05
6.53188 0.59412
5.35793 11.2057
0.432125 8.95553
4.73891 8.52104
1.81518 3.46437
14.9127 7.41965
13.2234 3.7628
9.21333 9.65342
1.91644 4.46734
3.60643 1.15507
0.108636 6.58104
8.02372 5.53362
8.96615 5.13639
14.8502 11.6111
10.046 3.78378
9.30028 1.08085
6.87418 6.83139
9.94601 8.58885
13.9596 1.81965
9.72318 6.81046
2.50216 10.7792
13.1728 12.1128
7.41022 7.71163
1.13357 12.5518
0.760808 1.95124
5.61493 8.00567
1.72302 6.53441
7.1287 12.3853
8.43267 13.6932
0.406239 0.97158
1.37579 9.33561
14.859 8.53969
3.45527 12.08
1.19669 15.2114
13.9207 5.40801
6.31467 10.8316
8.25306 1.4348
8.29196 2.61063
0.92925 7.19814
2.99647 13.0232
10.5624 10.6231
9.2537 11.9374
12.3167 3.26369
3.50841 11.0335
4.40133 11.596
1.54286 10.3778
13.8617 11.32
13.0295 6.62608
6.3621 14.4005
8.09744 15.0623
11.5579 10.9404
4.26735 1.95716
12.9668 8.52872
14.1834 12.4144
1.6655 5.48288
7.56823 0.629955
2.42589 11.8272
9.04867 4.08849
5.4913 10.171
14.5097 10.3243
6.28948 4.25277
7.89063 6.57646
12.0457 6.17884
11.0493 11.8903
14.722 13.3529
0.804612 3.75167
14.7401 0.736486
5.39519 3.6255
8.42373 12.6252
11.9553 8.92162
2.70871 2.91159
10.0289 14.4823
13.4289 10.3294
10.2618 9.60019
9.41794 0.0334349
12.4138 14.6379
12.135 11.8449
4.46062 10.5175
1.45435 1.1402
7.18946 4.88281
7.39913 10.4848
2.55442 1.27107
6.6532 13.3488
5.63578 9.07897
10.4318 7.63431
14.1066 4.34708
11.9297 1.39926
8.87633 8.6404
6.17787 11.8965
3.33446 4.54823
11.2906 3.62222
13.8696 7.33056
0.1143 15.2839
13.6565 0.790525
4.23576 14.5468
0.516876 10.008
10.6677 6.29074
11.3502 9.85767
2.83992 7.89816
13.3492 2.7041
2.39293 9.70414
12.4263 12.8988
13.9737 9.34855
5.2509 6.98354
10.0489 2.11303
1.88426 2.16976
11.4092 2.49951
6.67375 8.62879
3.49985 9.93667
0.620078 14.2759
5.29825 4.74644
15.0428 1.80052
6.52078 9.76723
4.35946 12.6934
9.47035 10.7038
6.21168 5.42367
4.33968 5.3794
9.31486 2.99854
7.44303 14.1704
0.125749 2.85113
14.1679 15.1367
0 138
0 204
0 223
0 17
1 98
1 125
1 73
1 230
2 150
2 159
2 156
2 241
3 183
3 149
3 170
4 13
4 28
4 22
4 203
4 186
5 133
5 101
5 228
5 56
5 129
6 79
6 156
6 33
6 221
7 75
7 162
7 112
7 52
7 205
8 65
8 39
8 170
8 109
8 171
9 85
9 168
9 131
9 181
10 86
10 221
10 141
10 106
11 249
11 237
11 124
11 150
12 229
12 179
12 14
12 116
12 99
13 218
13 96
13 118
14 193
14 229
14 147
15 142
15 223
15 188
15 59
15 66
16 143
16 215
16 50
17 204
17 50
17 32
17 223
18 44
18 198
18 23
19 176
19 43
19 140
19 131
20 168
20 181
20 80
20 225
21 219
21 67
21 168
21 92
21 80
22 181
22 28
22 225
22 186
23 53
23 209
23 254
23 27
24 37
24 107
24 216
24 113
24 182
25 161
25 202
25 216
25 252
25 162
26 238
26 240
26 148
26 224
27 209
27 57
27 227
28 196
28 181
28 96
29 55
29 122
29 137
29 242
29 70
30 237
30 55
30 49
30 137
31 92
31 188
31 144
31 160
32 50
32 81
32 115
33 156
33 86
33 221
34 158
34 239
34 253
34 138
34 199
35 165
35 136
35 193
35 229
36 157
36 190
36 84
36 173
37 51
37 222
38 106
38 83
38 248
38 175
39 134
39 189
39 65
39 46
40 214
40 169
40 83
40 222
40 161
41 160
41 72
41 66
41 232
42 148
42 98
42 146
43 224
43 98
43 73
43 85
44 235
44 155
44 187
44 53
45 84
45 62
45 243
45 167
45 101
46 119
46 58
46 65
46 103
47 225
47 186
47 236
47 165
48 147
48 116
48 198
48 111
49 72
49 232
49 55
50 185
50 204
51 178
51 135
51 247
51 222
52 162
52 183
52 208
53 235
53 209
54 78
54 209
54 110
54 57
55 232
56 123
56 143
56 129
56 215
57 227
57 220
57 94
58 128
58 119
58 185
58 103
59 223
59 250
59 72
59 66
60 174
60 248
60 175
60 105
60 197
61 247
61 133
61 107
61 228
62 157
62 111
62 84
62 243
63 149
63 74
63 110
63 89
64 149
64 170
64 238
64 251
64 171
65 103
65 109
66 160
66 72
67 90
67 199
67 82
68 249
68 213
68 145
68 150
69 220
69 94
69 240
69 176
69 233
70 217
70 211
70 192
71 109
71 194
71 126
71 213
72 121
73 85
73 196
74 205
74 78
74 208
74 110
75 202
75 175
75 105
75 112
76 100
76 206
76 180
76 210
76 155
77 252
77 182
77 134
77 189
78 117
79 195
79 108
79 153
79 104
80 168
80 144
81 185
81 103
81 201
82 199
82 142
82 92
82 188
83 161
83 202
84 173
84 133
85 131
85 196
86 241
86 246
87 113
87 93
87 129
88 126
88 191
88 213
88 145
88 146
89 110
89 238
89 220
89 240
90 130
90 253
90 219
91 235
91 117
91 209
93 113
93 182
93 119
93 134
94 227
94 152
95 172
95 232
95 120
96 230
96 218
97 139
97 172
97 165
97 136
97 120
98 148
98 224
99 157
99 190
100 114
100 184
101 133
101 123
102 232
102 164
102 120
102 122
102 234
103 127
104 153
104 218
104 221
104 151
105 197
105 112
106 214
107 247
107 113
108 145
108 146
108 125
108 195
109 127
109 171
111 198
111 243
112 117
113 228
114 203
114 186
114 206
115 223
115 250
115 244
116 147
116 157
117 205
118 151
118 203
118 207
119 128
119 134
120 164
121 250
121 237
122 232
122 234
123 167
123 212
123 215
124 250
124 249
124 237
125 146
125 153
125 230
126 171
126 191
127 194
128 143
128 129
128 185
129 228
129 143
130 233
130 253
131 219
131 140
131 168
132 198
132 254
132 243
132 226
133 173
134 189
135 192
135 178
135 169
136 165
136 164
136 229
137 159
137 217
138 204
138 199
138 142
139 144
139 225
140 176
140 233
140 219
141 221
141 207
141 248
142 188
143 215
143 185
144 172
145 213
145 146
145 195
146 191
147 180
147 187
148 251
148 191
149 208
150 195
150 156
151 218
151 221
151 207
152 227
152 245
152 233
153 230
154 179
154 234
154 177
154 190
155 180
155 235
155 210
155 187
158 163
158 212
158 245
158 253
159 237
159 217
160 188
160 172
161 222
161 216
162 202
162 252
163 226
163 200
163 212
163 245
164 229
164 179
164 234
166 177
166 190
166 247
166 173
167 243
167 226
168 219
169 192
169 246
169 222
170 189
171 251
174 207
174 231
174 248
174 184
175 202
176 224
177 242
177 211
177 178
178 211
178 247
179 229
179 234
180 206
181 196
181 225
182 216
182 252
183 252
183 189
184 231
184 197
184 210
186 203
187 198
191 251
192 217
192 211
192 246
193 236
193 206
194 201
194 244
194 213
197 210
199 253
200 254
200 226
200 227
200 245
201 244
203 231
204 239
205 208
206 236
207 231
210 235
211 242
212 239
212 215
213 249
214 246
215 239
216 252
217 241
217 246
224 240
226 243
227 254
234 242
238 251
241 246
244 250
244 249
245 253
