128 287 10.8954
2.9823 8.93717
1.97294 7.37096
3.73085 6.77967
7.56262 8.0792
5.77704 8.43005
3.78063 4.85772
3.24345 0.107795
10.8163 7.22163
1.74008 9.78981
1.20383 9.14155
8.46767 2.27168
9.51069 5.98896
2.42535 0.361833
10.476 3.99879
1.30669 4.92993
5.22091 10.2017
2.30293 1.39125
1.63372 0.835255
6.29199 3.47492
6.81272 10.787
7.52119 4.49265
0.323665 4.45659
5.91047 1.87847
8.68721 5.68567
3.06703 0.959388
0.61035 10.8862
6.55859 2.63733
10.2153 7.85781
3.98399 4.0118
5.70226 1.01162
10.5673 2.41207
2.11354 8.99287
9.39243 5.12084
1.20514 6.13313
0.888371 10.0195
2.05292 6.49536
0.335078 6.43868
5.33566 7.6685
7.5712 8.96078
8.53773 4.78368
1.94318 5.57091
8.91833 1.50447
0.325231 9.25587
5.92893 0.123048
3.8591 8.79752
6.62035 4.3158
8.99348 10.4433
2.89626 6.08019
1.02331 2.93757
7.26826 7.23128
7.52224 0.47936
8.2268 3.89288
10.4116 8.77104
9.88857 10.7561
10.4162 5.97945
6.61026 0.787604
0.111189 3.2479
1.06564 3.89982
4.79947 1.25039
8.97765 6.72253
7.79435 5.38579
8.03971 10.5585
10.6758 0.439291
4.43571 7.35751
5.49655 9.30729
9.96327 6.85888
3.49614 9.69725
4.94369 5.65258
4.68824 2.22738
3.65244 2.81516
10.012 3.18993
5.13925 6.6438
6.85005 1.73544
9.27138 7.67446
10.6161 1.44641
6.95079 6.29941
4.07418 10.5321
2.84786 7.0703
2.53883 8.11559
9.42611 8.68521
4.70192 4.6619
3.98606 0.670475
6.17016 10.0727
6.62991 8.00081
4.50801 9.55793
8.42212 8.46281
6.78094 5.28807
4.57918 3.24258
3.54395 7.84926
8.25561 7.43288
0.575405 2.03852
4.93742 0.232945
4.82395 8.52307
7.53962 2.51026
5.41038 3.87732
9.59356 2.23731
10.374 4.96015
0.667099 0.975742
7.26924 3.54157
7.99741 6.39685
7.2454 9.91103
5.94526 5.96263
1.58973 10.7484
1.64283 2.1188
2.0246 3.15422
5.56776 2.80481
0.463374 5.43925
2.82611 5.0524
3.89924 5.82453
9.71667 0.878331
2.04237 4.26667
1.47209 8.20616
8.64378 0.521933
9.48639 4.11654
2.73328 2.29185
5.76054 4.89559
8.94356 3.13407
9.73582 9.71513
1.00904 7.1928
0.345291 8.12293
7.88748 1.45786
2.59807 10.265
10.7681 10.1884
6.53938 9.06345
3.7297 1.73643
3.01415 3.68837
8.42799 9.55942
6.15425 7.03912
0 78
0 31
0 44
0 66
1 118
1 35
1 77
1 111
1 78
2 108
2 77
2 63
3 49
3 83
3 89
3 85
3 38
4 37
4 92
4 64
4 123
5 80
5 28
5 107
5 108
6 121
6 24
6 12
6 81
7 65
7 36
7 27
7 119
8 9
8 31
8 34
8 102
8 121
9 111
9 42
10 120
10 41
10 93
10 116
11 32
11 23
11 54
11 59
12 102
12 121
12 24
13 70
13 56
13 113
13 21
13 96
14 110
14 106
14 40
15 84
15 64
15 82
15 91
16 17
16 24
16 103
16 114
17 102
17 97
18 105
18 26
18 98
18 94
18 45
19 100
19 82
19 43
19 55
19 50
20 98
20 45
20 51
20 60
21 57
21 96
21 106
22 29
22 72
22 105
23 39
23 60
23 32
23 99
24 81
24 124
25 122
25 34
25 102
25 62
25 97
26 72
26 105
26 93
27 73
27 52
28 87
28 125
28 80
29 43
29 55
29 58
30 95
30 74
30 90
30 70
30 56
31 111
31 78
32 113
32 39
32 96
33 106
33 40
33 36
33 35
34 122
34 102
35 40
35 47
36 54
36 106
36 118
37 127
37 63
37 92
38 85
38 123
38 126
38 100
39 51
39 60
40 107
41 112
41 109
41 120
41 95
42 52
42 122
43 82
43 91
43 55
44 88
44 92
44 84
44 66
45 98
45 115
45 86
46 126
46 61
46 117
46 53
46 112
47 107
47 108
47 77
48 90
48 103
48 56
48 104
48 57
49 75
49 83
49 89
50 61
50 55
50 120
51 98
51 116
52 119
52 79
53 122
53 117
53 109
53 62
54 96
54 65
55 72
56 70
57 110
58 81
58 91
58 68
59 99
59 65
59 89
59 73
60 86
60 99
61 126
61 100
61 112
62 109
62 97
62 74
63 71
63 88
64 92
64 84
64 123
64 82
66 84
66 121
66 76
67 80
67 108
67 101
67 71
68 124
68 87
68 105
69 114
69 124
69 87
69 125
70 95
70 116
70 113
71 101
71 127
72 120
72 93
73 89
73 79
74 109
74 97
74 90
75 101
75 86
75 127
75 99
76 81
76 91
77 88
78 111
78 88
79 85
79 117
80 94
80 115
81 91
81 124
82 123
83 127
83 123
85 89
85 126
86 115
86 101
87 105
87 94
89 99
90 97
90 103
93 120
93 98
94 105
94 115
95 116
96 106
100 123
101 115
101 127
102 121
103 114
103 104
104 114
104 110
104 125
107 110
110 125
111 118
111 119
113 116
114 124
117 122
118 119
