251 566 15.3089
7.74981 1.1532
9.58142 11.6565
12.8708 9.23266
1.52963 4.36854
11.249 4.90899
5.65178 4.48229
6.4533 9.60976
12.0699 10.8625
12.512 7.27263
2.36776 4.4384
2.40232 13.0079
4.47497 11.0578
10.2184 9.17194
13.8831 2.42171
10.2772 10.0216
6.03594 0.314442
15.1531 9.48937
13.5018 9.79696
12.0768 0.463187
13.49 8.65274
0.92275 8.48237
14.4062 3.09597
8.87672 1.05214
12.9457 3.92159
14.9938 4.80261
7.21449 7.33024
7.88433 5.70187
11.1807 1.73517
9.67375 14.6838
8.64192 4.90067
2.13369 2.13062
12.6797 8.37077
14.5076 10.1409
13.7811 3.69175
13.4088 5.69883
5.86235 13.2319
1.80012 6.20552
14.1957 4.46428
14.0434 0.591745
7.11777 14.0252
0.934888 6.05216
0.645677 7.65246
0.139043 14.8908
2.67333 2.82566
13.2955 14.2869
5.16041 0.301865
8.37403 8.47807
5.98654 1.9061
5.07811 5.12579
5.62458 1.08589
0.952174 15.2337
15.0642 7.58958
5.08409 1.93713
3.56942 2.7511
8.52838 12.901
14.7776 13.1857
8.51041 2.92903
4.22218 0.342465
6.21623 14.0418
12.3364 2.42511
4.8029 12.0243
6.80012 12.2653
7.33364 11.3753
7.01324 5.53018
13.5369 15.1609
4.02727 12.7267
12.1716 12.0715
10.4233 14.1925
3.25599 13.3626
7.68606 13.2636
5.96361 6.60886
6.41369 11.4278
6.76384 13.1876
0.491002 1.90865
4.71675 1.1026
13.2348 13.3741
14.767 2.28165
12.8063 10.359
3.94255 3.58959
0.592723 12.256
14.2541 7.17142
10.9008 7.55202
1.54315 7.83586
11.0634 8.57064
11.9483 9.98486
1.30191 11.6406
14.0774 13.7962
13.9556 12.7657
1.41089 1.57227
9.09075 7.83548
5.66826 14.7984
7.80818 10.2337
7.27939 0.399493
15.0207 1.37884
8.17534 7.57091
3.64443 10.7305
8.7868 5.80311
0.218313 2.85159
1.22888 6.93227
8.23661 0.405005
8.75268 11.9902
0.396942 11.326
15.1866 14.0127
12.4802 6.36603
10.5705 5.50636
9.38519 9.85737
6.89158 6.46579
8.79361 14.9332
3.04621 1.97031
9.24852 10.8183
2.97415 11.4246
12.6067 15.0358
7.17851 1.8499
7.59351 2.7363
13.0711 12.3831
5.25018 13.9215
2.19328 12.0184
5.82196 10.2689
14.0586 1.52379
12.5313 5.39219
2.70658 9.26592
10.4322 13.238
7.45873 8.23087
2.39345 1.2355
4.95734 12.9704
3.61294 14.9273
6.57109 1.07178
13.309 4.77118
4.53914 2.82422
9.56013 13.7584
10.4783 4.4106
4.52093 8.98532
3.88965 11.772
12.3273 13.0277
1.8714 9.82079
3.11214 12.4098
13.1116 1.85324
10.1593 8.24017
7.85997 6.64012
2.78107 10.2637
2.97374 3.72704
1.51432 5.29676
11.0768 9.54729
14.3006 8.17212
11.6534 6.914
1.66017 0.559273
1.79614 14.7785
14.9726 0.397707
9.35002 1.86586
13.7218 10.7159
13.4353 6.64045
14.3334 5.48241
0.131107 10.3654
5.55792 2.77481
13.1325 2.98734
3.15105 6.44175
1.81614 13.7457
12.1747 3.38326
0.517883 13.2394
6.58801 2.66559
10.7217 6.50089
1.81619 8.79157
6.57504 4.65395
8.27864 11.1097
11.9571 8.9953
10.1449 1.19117
11.3129 13.7653
0.0443586 5.68376
2.06786 11.0042
1.13873 10.5502
10.4149 12.085
14.2535 9.20956
11.8265 7.93393
9.48268 2.90148
7.26286 3.7008
4.34824 4.49672
3.47333 8.58883
9.54361 3.95839
9.52538 0.334829
13.8725 11.7584
5.15793 7.17028
0.643825 4.72958
8.44727 9.46154
9.73731 6.13881
6.67746 14.9058
12.3353 14.0575
7.77958 12.264
10.4995 15.1864
0.225903 6.72975
15.2755 8.54595
14.7043 11.0988
12.8826 11.3654
5.07347 3.71536
1.46735 12.7513
13.3775 7.68746
1.94433 3.49688
0.881801 14.2408
5.4415 8.19041
9.30676 8.83095
3.30799 7.52309
10.4525 3.36448
4.6451 14.7551
8.89121 6.82719
6.82877 10.5049
4.14276 6.81114
4.07982 1.8869
5.4213 11.2156
0.860488 3.66506
4.99001 6.10892
8.28749 1.95117
7.76112 14.7905
10.3408 2.25202
12.1258 1.44145
8.45197 3.92957
14.4595 14.7563
5.53865 9.27099
12.1014 4.44333
3.30392 4.73595
15.0729 3.81838
6.17332 3.65562
10.3088 11.0025
7.3746 9.28694
11.1403 0.752367
4.21019 13.7337
9.92201 7.21562
0.629654 0.885189
11.3236 11.4947
11.5729 5.8363
9.6255 5.04994
2.55259 5.54661
14.8788 12.1829
11.3514 2.71218
9.52065 12.6957
11.5595 14.8532
5.78938 12.2503
6.4646 8.61694
7.65718 4.72589
11.33 12.6658
3.42663 0.978689
5.98708 5.57789
1.25069 2.61397
3.94177 5.67931
2.66204 0.125729
4.76568 10.1016
0.845035 9.48447
4.35275 7.92186
8.48997 13.9227
3.69537 9.67706
13.0384 0.766163
2.27737 7.09956
2.76667 14.2787
0 99
0 92
0 112
0 209
1 109
1 220
1 100
1 170
2 164
2 19
2 17
3 195
3 207
3 9
3 181
3 141
4 130
4 216
4 104
4 227
5 192
5 219
5 162
5 48
6 215
6 235
6 221
6 117
6 203
7 84
7 77
7 226
7 191
8 144
8 103
8 172
8 194
9 140
9 217
10 193
10 135
10 156
11 243
11 132
11 95
11 206
12 137
12 198
12 14
12 142
13 118
13 76
13 154
13 21
14 105
14 142
14 220
15 90
15 184
15 49
15 45
15 126
16 189
16 171
16 244
16 152
17 171
17 77
17 149
18 111
18 222
18 248
18 212
19 194
19 143
19 31
19 171
20 41
20 82
20 189
20 161
20 244
21 76
21 33
21 218
22 99
22 178
22 148
23 157
23 154
23 216
23 33
23 127
24 218
24 37
24 151
24 181
24 167
25 106
25 138
25 122
26 63
26 236
26 96
26 138
27 222
27 211
27 212
27 231
28 129
28 107
28 187
28 67
28 178
29 213
29 236
29 96
29 228
30 88
30 123
30 108
30 240
30 43
31 172
31 194
31 164
32 171
32 152
32 190
33 154
33 37
34 119
34 127
34 151
34 150
35 234
35 124
35 115
35 72
35 58
36 141
36 229
36 40
36 98
36 249
37 127
38 64
38 248
38 147
38 118
39 72
39 58
39 184
39 210
40 167
40 141
40 188
40 98
41 98
41 51
41 82
42 102
42 214
42 196
42 50
42 147
43 108
43 195
43 53
43 140
44 185
44 86
44 75
44 64
45 201
45 74
46 122
46 94
46 198
46 182
47 49
47 52
47 153
47 159
48 175
48 239
48 208
49 74
49 126
50 196
50 146
50 225
50 145
51 188
51 143
51 80
51 189
52 74
52 205
52 153
53 108
53 205
53 78
54 186
54 100
54 232
54 69
54 246
55 87
55 230
55 86
55 102
56 209
56 113
56 173
56 213
57 201
57 125
57 238
57 74
58 90
58 184
59 212
59 136
59 231
59 157
59 154
60 132
60 234
60 124
61 71
61 234
61 186
61 72
62 203
62 71
62 163
62 186
63 162
63 239
63 236
63 106
64 111
64 214
64 248
65 132
65 135
65 223
65 124
66 226
66 191
66 237
66 114
66 133
67 129
67 121
67 166
67 187
68 135
68 223
68 250
69 186
69 72
69 246
70 239
70 106
70 180
71 203
71 206
71 234
73 225
73 93
73 240
74 205
75 87
75 133
75 86
76 93
76 97
77 84
77 191
77 149
78 128
78 140
78 175
79 101
79 85
79 230
79 193
79 158
80 150
80 194
81 144
81 224
81 172
82 98
82 249
82 161
83 137
83 172
83 164
83 142
84 164
84 142
85 101
85 168
85 116
86 214
87 179
87 114
88 225
88 240
89 202
89 94
89 224
89 198
90 115
90 201
90 184
91 221
91 203
91 182
91 163
92 184
92 210
92 126
92 99
93 147
93 225
93 118
94 138
94 202
94 122
95 139
95 247
95 110
96 202
96 183
97 240
97 207
98 188
98 249
99 210
99 107
100 163
100 186
100 232
101 152
101 190
102 158
102 214
102 196
103 227
103 119
103 144
103 150
104 228
104 227
104 160
105 198
105 182
105 109
106 138
107 246
107 210
107 178
108 238
108 123
108 205
109 163
110 168
110 132
110 116
110 135
111 185
111 233
112 126
112 159
112 113
113 209
113 159
113 174
114 191
114 179
114 133
115 223
115 124
115 201
116 168
116 193
116 135
117 215
117 243
117 203
117 206
118 136
119 216
119 227
119 127
120 161
120 176
120 134
120 139
120 247
121 232
121 237
121 166
122 235
122 221
123 145
123 238
125 250
125 201
125 242
128 205
128 153
128 192
129 232
129 246
130 200
130 177
130 228
131 245
131 215
131 247
132 135
133 237
133 185
134 161
134 244
134 169
134 139
136 248
137 224
137 198
138 202
139 247
139 168
140 195
140 217
141 181
141 229
142 164
143 194
143 189
143 171
144 227
144 160
144 172
145 225
145 242
146 156
146 196
146 250
146 242
147 225
148 209
148 211
148 165
148 173
149 191
149 179
149 190
150 194
151 167
152 169
152 190
153 159
153 192
153 219
154 157
155 229
155 241
155 204
155 249
156 193
156 196
156 250
157 231
157 216
158 193
158 196
159 219
160 227
160 183
160 224
162 219
162 239
162 236
165 178
165 222
165 211
166 237
166 185
167 188
168 169
169 244
170 220
170 226
170 232
170 237
173 211
173 200
173 177
174 219
174 236
175 192
175 217
176 199
176 245
176 247
177 200
177 213
177 228
178 187
179 191
179 190
179 230
180 204
180 208
180 245
180 197
181 207
182 221
182 198
183 228
183 202
183 224
184 210
185 233
187 233
187 222
190 230
192 219
195 240
195 207
197 245
197 215
197 235
199 204
199 249
199 245
200 231
201 223
202 224
204 208
204 245
205 238
206 234
207 240
207 218
208 241
208 239
210 246
211 231
212 248
213 236
215 235
215 243
217 229
217 241
220 226
221 235
238 242
242 250
243 247
