127 281 10.8263
2.24421 8.83257
2.03747 1.19348
10.7452 3.37002
9.9287 4.68581
1.51527 7.40299
3.01437 8.50157
3.78746 4.28392
8.02313 4.92387
2.60123 6.9183
6.55599 1.10183
5.96604 6.30523
7.36992 4.3896
3.82209 1.97807
2.59109 4.93824
2.15522 9.99757
6.26845 2.99031
9.13865 4.35388
5.5814 4.73938
8.90908 6.10332
9.01926 10.5161
7.42083 0.732923
2.8397 9.44897
1.37318 10.3863
8.23787 10.1079
9.7011 5.52114
0.589016 10.8051
7.21941 5.25572
0.16773 1.52879
10.7893 6.34231
8.87785 8.4211
8.25337 1.38095
7.10581 2.68455
6.47353 10.1402
8.2895 4.08586
9.76642 10.0108
3.61283 3.41496
5.59536 8.76418
10.6171 10.3727
3.3005 7.60231
4.25525 2.75369
8.85491 5.20526
6.64494 0.219255
6.28802 8.1564
3.90195 10.7461
8.13996 8.97699
3.1565 2.59517
7.4962 10.6503
4.20064 7.35022
7.87465 6.81124
7.83073 3.2767
4.01323 1.0888
6.93314 3.60235
9.69143 8.84966
10.0616 1.62337
6.45658 4.43671
10.7477 0.629123
6.42358 9.20133
10.7392 4.27319
0.595912 8.86128
4.30926 5.91159
0.570172 7.87609
10.5304 8.3474
5.59382 9.71537
0.604152 9.86088
8.95752 9.49933
1.30671 2.80638
8.00243 5.84511
9.6558 7.86501
0.742134 6.89649
4.7355 0.423487
5.27792 5.67491
2.99552 10.3898
1.0884 1.80384
5.69989 3.79648
8.13653 2.34367
2.88349 4.05265
1.47237 9.35573
4.73267 10.228
1.4574 8.33597
2.35194 7.83058
2.05658 2.12885
6.26597 5.41295
5.9238 7.24385
0.802607 3.68907
9.85395 0.165307
3.15802 0.575509
4.71418 9.18192
1.73965 5.36133
8.33034 0.378807
9.87076 3.73373
2.94617 1.59929
0.816528 5.86338
10.5369 9.37911
1.70275 6.46534
9.14661 2.10707
1.17793 0.765745
0.317887 2.50531
5.59555 1.0162
10.5383 7.30555
9.81264 6.49859
7.30431 1.70877
7.21225 8.55589
3.52607 6.59848
3.79488 9.71527
3.5279 5.22478
5.66785 10.7538
7.35819 9.64151
4.99893 6.69939
10.0692 2.66816
2.29605 3.17238
9.20496 1.02167
3.98947 8.36753
0.838484 4.7658
2.6611 5.92842
4.58483 4.86642
4.79648 1.77518
10.6864 5.32638
5.06341 7.90298
2.13633 0.211915
7.00012 7.39833
6.12074 1.99879
8.89319 7.10862
4.616 3.72886
5.28847 2.79441
8.04467 7.84652
6.97545 6.25278
8.89031 3.20085
0 78
0 76
0 21
0 5
1 95
1 118
1 80
2 108
2 96
2 89
2 57
2 83
3 16
3 89
3 57
3 24
4 68
4 93
4 79
4 78
5 79
5 111
6 35
6 75
6 122
6 104
6 114
7 33
7 11
7 66
7 26
7 40
8 113
8 102
8 79
9 97
9 41
9 120
9 100
10 70
10 81
10 125
10 82
11 51
11 54
11 26
12 50
12 90
12 115
12 45
12 39
13 75
13 87
13 113
13 104
14 76
14 21
14 22
14 71
15 120
15 123
15 51
15 31
16 33
16 89
16 40
17 73
17 54
17 114
17 81
18 66
18 40
18 121
18 99
19 23
19 34
19 88
19 84
20 46
20 88
20 100
21 71
21 103
22 63
22 25
22 118
23 64
23 106
23 46
24 40
24 116
24 99
25 37
25 63
25 55
25 95
26 81
26 125
27 55
27 53
27 72
27 96
28 116
28 91
28 99
28 68
28 98
29 124
29 67
29 44
29 52
30 110
30 100
30 74
31 100
31 51
31 49
32 56
32 105
32 106
32 41
33 49
34 64
34 92
34 37
34 84
35 45
35 39
35 75
36 117
36 42
36 86
36 56
36 62
37 92
37 63
37 84
38 79
38 111
38 47
39 123
39 122
41 105
41 46
42 82
42 119
42 101
43 71
43 77
43 85
43 69
44 101
44 64
44 106
45 109
46 106
46 88
47 102
47 107
47 111
47 117
48 66
48 125
48 119
48 124
49 74
49 51
49 126
50 85
50 69
50 115
51 54
52 67
52 61
52 64
52 92
53 110
53 108
54 73
54 81
55 84
56 101
56 62
56 106
57 89
57 112
57 116
58 60
58 78
58 92
58 76
59 104
59 70
59 102
59 107
60 68
60 98
60 61
60 78
61 98
61 67
61 92
62 86
62 77
62 105
63 92
63 76
65 80
65 96
65 109
65 83
67 121
67 98
68 91
69 77
69 105
69 97
70 114
70 81
70 107
71 103
71 118
71 85
72 95
72 80
72 96
73 123
73 122
74 100
74 94
75 109
76 78
77 86
77 103
77 105
78 79
80 90
80 109
81 125
82 107
82 117
82 119
83 112
84 110
85 118
85 90
86 111
86 103
87 112
87 91
87 113
88 110
89 126
89 108
91 112
91 116
91 93
93 113
94 110
94 126
94 108
95 118
96 108
97 105
97 115
97 120
98 99
99 121
101 124
101 106
102 113
104 113
104 114
112 116
114 122
115 123
119 125
119 124
120 123
121 124
122 123
