127 286 10.851
2.32859 5.75874
7.09638 9.34965
6.81426 10.1357
8.27993 3.29353
8.73977 1.54284
4.78994 5.02215
3.732 2.45986
8.29878 6.12003
2.78306 10.6973
3.53106 10.2941
5.63449 4.90396
0.0150957 8.84629
4.75715 3.31789
8.9725 4.01165
4.90116 1.3177
1.39421 3.94692
4.96688 6.66782
9.37666 2.11854
3.99147 5.34528
9.47649 7.50598
2.22277 2.5514
0.713252 1.67599
7.61874 8.66216
2.21096 1.29848
6.50478 4.97308
6.51892 2.96553
2.10868 0.406593
8.39759 10.5528
3.01641 2.9543
3.65749 7.92163
3.10534 3.90972
0.0156548 9.73108
1.35029 1.04139
4.31859 7.2887
10.1831 5.64171
10.197 8.25962
2.15175 4.47604
1.5689 1.93996
8.08445 4.14769
7.89266 6.90792
7.38704 4.7621
5.65017 3.26607
0.247282 10.6283
7.83195 9.83327
10.1118 10.2789
5.87546 6.74197
8.83241 6.84971
7.48729 10.7207
1.96964 10.306
9.76164 6.63332
3.85535 3.35551
6.33128 7.58406
10.3937 7.35219
3.44856 6.93237
5.65695 8.55911
4.15131 6.25653
5.09966 4.16452
1.89233 9.34232
2.77993 9.76535
9.17468 3.10758
7.83935 1.66987
8.48874 2.41054
6.34077 5.89488
10.3259 0.366386
0.69657 4.54994
3.20956 5.98095
10.7176 6.43702
6.12099 4.10861
1.96734 8.35167
1.70426 7.37971
9.08778 9.89745
0.323601 7.95988
8.47048 9.0896
9.23859 8.4246
5.56611 10.3156
9.50409 4.79553
5.15772 0.403928
0.28053 2.52117
2.22479 3.503
5.32902 5.79406
1.1934 0.078844
6.66087 8.52593
10.1176 2.7279
4.12087 0.47374
10.5445 4.72987
2.95171 1.92185
0.40549 0.765263
1.59284 6.352
7.33649 7.7276
6.90631 6.75245
7.23688 0.843674
10.5944 1.62125
2.7117 7.6289
5.81077 2.27848
9.20103 5.79938
8.40847 7.77719
0.736777 6.99624
6.14542 9.4521
1.0071 9.88631
5.05422 9.38682
3.93753 1.51387
4.07658 4.36121
8.30378 0.687947
9.31929 0.0788824
7.38487 5.78022
4.53433 8.41788
7.49144 2.71972
5.88583 1.18967
0.404536 5.55029
4.50964 10.3354
7.12886 3.7699
8.34026 5.13571
1.00022 8.78432
9.62028 1.14564
5.28878 7.59792
6.80144 1.84244
3.07638 4.92733
3.08291 0.793885
1.48711 5.25982
9.95894 3.81149
6.3731 0.172271
0.228592 3.59764
1.28386 2.94301
3.92761 9.36927
9.94626 9.25249
2.98582 8.71113
4.71507 2.3149
0 118
0 65
0 87
1 97
1 81
1 22
1 2
1 43
2 97
2 47
2 120
3 61
3 106
3 59
3 38
4 102
4 113
4 60
4 61
4 17
5 101
5 56
5 18
5 79
5 10
6 85
6 126
6 100
6 28
6 50
7 111
7 104
7 94
7 39
7 46
8 48
8 9
8 26
8 117
9 123
9 58
9 109
10 56
10 67
10 79
10 24
11 35
11 71
11 124
11 112
11 31
12 126
12 50
12 41
12 56
13 59
13 38
13 75
13 119
14 107
14 76
14 126
14 100
15 122
15 78
15 64
16 79
16 55
16 45
16 33
16 114
17 113
17 61
17 82
18 101
18 116
18 55
19 46
19 49
19 73
20 37
20 85
20 122
20 78
20 28
21 86
21 32
21 91
21 37
21 77
22 88
22 81
22 72
23 32
23 26
23 117
23 37
23 85
24 67
24 40
24 62
25 93
25 41
25 106
25 110
26 80
27 47
27 43
27 70
27 102
27 103
28 78
28 50
29 92
29 105
29 33
29 125
30 78
30 50
30 116
31 124
31 44
31 98
31 42
32 86
32 80
32 37
33 53
33 114
34 84
34 94
34 66
35 73
35 52
35 124
36 78
36 118
36 116
37 122
38 110
38 40
38 111
39 89
39 46
39 95
39 88
40 110
40 111
40 104
41 93
41 67
42 63
42 86
42 80
43 72
43 47
44 124
44 103
44 63
45 62
45 114
45 51
46 49
46 95
47 90
48 57
48 58
48 80
49 94
49 66
49 52
50 101
51 89
51 114
51 88
51 81
52 66
52 71
53 65
53 55
53 92
54 114
54 99
54 97
54 81
55 65
56 101
57 68
57 112
57 98
57 58
58 125
59 61
59 82
59 119
60 90
60 115
60 61
61 106
62 79
62 104
62 89
63 113
63 103
63 86
64 121
64 84
64 108
64 118
65 116
66 108
66 96
67 110
68 69
68 92
68 112
68 125
69 96
69 87
69 92
70 72
70 124
70 103
71 96
71 112
72 73
73 95
73 124
74 99
74 97
74 109
74 76
74 120
75 119
75 84
75 94
76 83
76 107
77 91
77 82
77 121
77 122
78 122
80 98
80 86
81 88
81 97
82 119
83 109
83 117
83 100
84 119
84 108
85 100
87 118
87 96
88 89
88 95
89 104
90 120
90 102
90 115
91 113
92 125
93 107
93 126
93 115
94 111
97 99
98 112
99 105
99 123
99 109
100 117
100 126
103 113
105 114
105 123
106 115
106 110
107 120
107 115
108 118
109 123
119 121
123 125
