255 576 15.3518
9.90163 11.3607
13.6988 1.45182
6.17569 9.33792
10.2112 4.31855
9.40595 2.71329
1.6481 10.1768
3.24615 10.8565
3.54999 1.36966
6.49507 14.1654
13.4924 9.17917
11.6566 5.0887
5.96009 1.96132
3.74823 8.4276
0.839131 4.89942
7.19004 9.35875
1.86771 0.477863
8.75818 5.02915
0.997716 13.022
3.24283 7.74454
8.6635 6.77299
14.5177 3.08302
3.46717 14.7611
10.2575 5.91608
8.24179 9.3898
5.12871 3.79623
2.24073 12.027
12.7034 9.49118
14.2967 7.57279
8.0188 10.929
3.19842 13.6567
9.4983 10.2891
3.18335 6.89065
13.6834 3.31653
9.29458 11.9604
11.4398 13.5071
3.85398 13.083
12.0301 3.32442
1.92834 13.8494
6.51582 4.51993
9.0685 5.84058
6.04382 12.8095
2.2002 5.38973
7.03584 14.8381
8.7457 12.6482
9.11051 9.49844
12.4207 11.0147
0.479187 11.5706
14.5154 14.7712
12.8376 2.96145
4.9436 14.2627
12.3206 7.59383
12.1577 10.1709
9.74885 8.56976
5.75919 14.6264
10.4823 0.345843
3.54331 6.08456
6.61826 11.2022
13.9408 9.92444
14.8242 8.28387
11.923 9.06714
4.96613 11.6031
9.46587 13.1769
3.53123 2.75123
4.10489 2.04768
1.33391 5.62315
0.261669 12.4425
13.5794 4.71996
6.78279 12.2943
7.51192 14.0768
10.559 13.3459
2.76023 0.974397
7.11738 5.87156
2.90138 12.8144
8.60032 10.2448
0.171148 13.355
0.731747 15.1435
2.63312 6.18213
12.0878 12.8859
5.60342 8.6728
9.58889 0.681353
12.1287 0.346219
4.12341 5.36994
7.68444 10.0961
6.84219 2.04847
4.34506 14.9524
0.114722 5.41217
4.716 13.3761
2.65944 14.378
12.0975 2.41359
4.74174 10.4614
11.1615 5.93917
6.62112 1.14045
6.60357 2.94801
7.43087 11.6246
11.9313 4.23347
15.3277 3.48886
15.2864 10.8356
13.8169 8.34403
11.2485 2.84294
13.8922 2.4301
0.0446915 14.4924
8.82998 0.088138
14.3909 9.11125
5.59371 4.58392
1.69374 3.49007
14.8725 9.97219
9.04773 11.0769
11.5105 10.8436
11.8496 14.3303
5.04909 1.99717
13.7245 15.2552
4.62175 4.5585
4.03376 14.0442
11.2926 0.823647
0.00256945 9.13124
15.3228 4.46708
14.5561 1.73548
11.1669 12.619
5.15776 12.5309
5.08138 7.19775
8.26214 4.25601
13.2617 7.54995
10.4343 1.28858
6.04848 3.72765
5.34555 9.70704
2.71411 10.1239
10.7401 5.06403
12.1288 5.87697
3.82269 10.1504
8.69463 1.05474
5.69003 13.6793
5.20505 0.0470278
13.9348 12.1443
8.38048 11.7861
15.1783 0.0984461
11.2459 1.86357
13.0909 10.3466
13.0008 2.03796
11.3828 7.77442
10.3713 7.84737
4.21996 12.2132
14.7112 12.7896
0.832539 3.97555
10.8678 14.2582
5.10072 5.4339
1.71643 6.50791
7.98425 14.9189
5.578 6.33687
2.66855 0.00435397
4.09755 11.203
1.93279 12.9125
9.8891 14.0409
10.0268 3.40851
7.13874 7.6384
1.88434 1.41223
0.970048 0.745426
7.72922 8.59153
9.75565 15.0619
10.4123 10.5774
5.61309 2.82703
13.3118 11.347
1.05925 7.2964
11.3001 15.174
6.69091 8.56302
9.50604 1.66805
12.7827 6.65529
14.6562 13.8141
2.62498 8.43832
8.30257 13.501
0.00221328 1.11372
3.14672 5.19834
8.77406 8.59185
13.4223 5.69249
5.90624 11.8529
8.11636 5.73551
1.28421 11.0464
2.624 3.10738
9.28004 4.14413
2.3308 11.0741
1.28278 12.1069
4.06759 7.28897
11.014 3.82185
9.71257 5.12009
11.7395 6.8104
14.8841 11.7645
0.834968 2.94626
9.61485 6.63881
3.28505 9.26633
15.2542 2.46394
12.9137 12.3247
8.60367 2.19603
0.687401 10.1642
2.07644 9.32514
10.8276 11.5976
14.8424 6.19755
3.85108 3.87493
1.0257 9.14927
1.77738 2.45799
9.33323 7.67449
7.73662 12.6004
12.6191 4.98463
6.8982 13.2905
1.58496 8.21984
5.70353 10.7964
13.6349 13.1388
1.73356 4.5209
14.4767 5.17126
10.1439 12.4361
10.6689 6.83755
13.0818 0.708548
8.24186 7.66012
8.62047 3.28194
13.6719 14.2284
4.48922 1.12187
14.2631 10.8716
0.951639 14.0043
12.924 3.94668
4.51767 6.31347
12.6886 13.713
6.56604 6.72756
14.3401 0.725385
0.480508 8.20218
2.32005 7.39157
10.3211 2.37562
7.67848 6.71743
13.8621 6.68342
10.9577 8.74012
4.38724 9.25676
0.592561 6.32408
2.78874 4.17879
8.89981 14.3989
4.70391 8.17961
7.43334 4.90152
14.3552 4.05967
6.17917 5.45789
11.9032 11.8703
12.7764 8.49646
3.21899 11.8376
11.2126 9.83584
12.186 1.3731
7.3825 0.440119
7.2208 3.79201
6.27694 0.150071
5.58726 1.04891
6.64983 10.1938
3.66423 0.386632
12.7481 14.8673
7.63325 2.72733
7.73044 1.52129
6.01065 7.71186
2.8004 2.01569
10.1288 9.51377
4.5336 2.98594
1.71715 14.8396
15.2506 7.23442
0 158
0 106
0 193
0 33
1 209
1 220
1 137
1 116
2 78
2 163
2 124
2 244
3 152
3 177
3 181
3 182
3 126
4 190
4 211
4 223
4 152
5 192
5 191
5 175
6 125
6 128
6 178
6 149
6 237
7 70
7 245
7 213
7 250
7 63
8 201
8 53
8 42
9 236
9 97
9 102
9 26
9 57
10 94
10 126
10 200
10 127
11 243
11 109
11 83
11 159
12 18
12 231
12 187
13 142
13 205
13 85
13 64
14 163
14 156
14 244
14 82
15 253
15 155
15 148
15 154
16 120
16 174
16 39
16 182
17 179
17 150
17 215
17 74
18 31
18 222
18 180
18 167
19 224
19 186
19 210
20 99
20 32
20 188
20 95
20 233
21 112
21 87
21 84
21 245
22 182
22 186
22 90
23 156
23 171
23 82
23 44
24 252
24 111
24 103
24 123
25 178
25 179
25 150
25 237
26 236
26 59
26 51
26 136
27 225
27 254
27 97
27 58
28 82
28 73
28 93
28 133
29 72
29 112
29 35
29 87
30 73
30 44
30 251
30 106
31 76
31 55
31 222
31 180
32 99
32 216
32 233
33 133
33 106
33 43
33 207
34 117
34 77
34 69
34 143
34 108
35 140
35 86
36 98
36 88
36 48
36 94
37 150
37 215
37 253
37 87
38 103
38 123
38 241
38 234
38 232
39 174
39 182
39 186
40 118
40 173
40 67
40 130
40 201
41 205
41 64
41 170
41 76
42 68
42 146
42 242
42 240
43 133
43 168
43 61
44 171
44 73
44 251
45 51
45 136
45 107
45 160
45 235
46 184
46 96
46 175
46 65
46 179
47 166
47 212
47 110
47 100
47 134
48 137
48 88
48 216
49 112
49 86
49 130
49 84
49 53
50 183
50 138
50 121
50 236
51 238
51 136
51 107
52 198
52 139
52 171
52 251
53 130
53 131
53 242
54 157
54 162
54 113
54 122
55 170
55 81
55 76
55 217
56 244
56 203
56 93
56 173
57 102
57 136
57 105
57 214
58 221
58 102
59 226
59 236
60 149
60 140
60 118
60 173
61 207
61 151
62 250
62 63
62 176
62 252
63 213
63 109
63 252
64 228
64 145
65 184
65 141
65 74
66 216
66 233
66 200
66 172
66 206
67 93
67 173
67 199
67 201
68 201
68 168
68 146
69 207
69 117
69 151
69 143
70 148
70 154
70 250
71 234
71 232
71 219
71 224
72 150
72 237
73 82
73 106
74 166
74 215
75 100
75 253
75 134
75 155
76 145
77 117
77 235
77 189
77 218
78 231
78 249
79 157
79 129
79 164
80 162
80 246
80 209
80 239
81 111
81 170
81 144
81 217
82 244
83 91
83 248
83 92
83 247
84 112
84 245
84 131
85 115
85 206
85 194
85 228
86 118
86 112
87 253
87 148
88 239
88 137
88 98
89 128
89 124
89 149
89 203
90 126
90 127
90 208
91 243
91 242
91 240
92 247
92 123
92 241
93 133
93 199
94 181
94 216
94 200
95 185
95 142
96 105
96 191
96 214
96 184
97 121
97 236
97 102
98 135
98 223
98 181
99 137
99 116
100 166
100 215
100 134
101 146
101 230
101 157
101 129
102 114
103 111
103 123
103 144
103 234
104 185
104 176
104 142
104 205
105 114
106 133
107 238
107 193
108 218
108 162
108 143
108 246
109 213
109 159
110 246
110 212
110 209
110 220
111 195
111 144
113 162
113 122
113 239
114 221
114 196
115 233
115 142
116 220
116 169
116 188
117 207
117 235
118 140
118 173
119 217
119 147
119 231
119 180
119 249
120 211
120 177
120 232
121 165
121 225
121 236
122 164
122 135
123 159
124 227
125 192
125 187
125 178
126 182
127 200
127 183
127 165
128 187
128 227
129 248
129 164
131 243
131 242
132 160
132 184
132 189
132 141
132 204
133 199
134 220
134 169
135 239
135 223
136 160
137 239
138 183
138 139
138 226
139 208
139 198
139 226
140 149
140 237
141 184
141 166
142 185
142 205
143 151
143 162
144 234
144 217
144 147
145 161
145 222
146 230
146 240
147 234
147 217
147 219
148 253
148 245
149 237
150 179
151 230
151 157
152 223
152 177
153 219
153 224
153 163
154 250
154 197
155 169
156 210
156 163
156 171
157 230
158 251
158 238
159 252
160 214
160 189
161 228
161 221
161 202
163 249
164 190
164 223
165 183
165 225
166 212
167 202
167 192
167 187
168 199
168 230
169 220
170 229
171 210
171 198
172 200
172 225
173 203
174 232
174 224
175 191
175 178
175 179
176 250
176 197
176 229
177 211
177 182
180 217
180 231
183 208
184 214
185 188
185 197
186 208
186 198
187 227
189 235
189 204
190 248
190 247
190 211
191 196
192 196
193 207
193 235
194 206
194 225
194 228
194 254
195 252
195 229
196 221
196 202
197 250
198 210
199 201
200 216
202 221
202 222
203 244
204 218
204 212
205 229
206 233
209 239
210 224
211 247
212 218
212 246
213 245
213 243
215 253
219 224
219 249
221 254
226 251
226 238
227 231
228 254
232 241
238 251
240 242
240 248
241 247
242 243
