254 571 15.349
1.79724 5.46356
13.1878 1.18005
7.5319 0.276415
2.94827 13.2447
11.2072 10.4674
8.43417 6.00101
6.34834 6.5399
11.8559 8.67479
4.07809 10.5806
9.6833 10.2866
1.55687 2.80497
11.9625 9.9505
3.77865 13.1495
10.4573 12.6954
4.48279 7.01122
15.3179 8.45693
5.29274 4.45281
5.84643 5.10543
8.67936 3.40811
14.8876 6.75391
10.1732 14.1845
10.4321 3.56235
13.7019 10.7297
2.53108 9.05214
1.12713 7.19781
13.8227 2.25786
1.4683 4.68521
11.9114 2.05049
10.489 10.0067
7.55962 5.85026
4.60821 6.15874
2.31629 4.52899
6.90322 8.39738
6.64687 2.52362
8.69924 13.2871
1.99333 7.18623
11.2795 3.36118
6.89605 10.062
14.5685 7.71512
14.213 4.95183
10.0783 7.08425
10.3205 10.8691
15.196 2.65666
12.8716 14.0867
2.35179 9.90445
6.3133 13.4619
9.2035 15.3057
0.869539 14.6655
14.3521 8.57515
2.1146 13.4487
12.9492 11.2086
3.95937 7.71188
1.67277 11.9341
7.85677 8.55537
9.55477 3.4847
6.87578 0.848704
5.98449 12.6407
6.28803 3.31515
4.85716 7.80763
0.767873 11.9948
4.41663 4.53212
11.9715 3.95643
1.34711 13.9087
13.7363 0.498671
8.11026 2.73099
6.5963 10.9005
1.27937 1.18863
3.35813 3.16977
2.32646 12.5701
4.61894 14.8296
1.77193 1.95061
11.8235 5.70287
7.49396 7.7191
12.9854 12.1911
8.41397 7.84138
13.8759 12.5765
7.73062 1.13864
9.26677 7.48456
2.10158 10.7768
14.7393 14.268
10.0461 5.77648
5.59968 11.0891
3.18471 0.850196
2.63769 1.61015
14.5294 11.0902
11.3597 1.3422
5.33432 11.9913
12.1016 11.8754
9.34109 1.62348
14.939 9.27088
7.23927 9.23282
7.18187 13.7621
14.7028 10.1758
12.3014 1.2321
0.242179 12.7565
6.25944 11.7649
14.2945 15.0948
0.35143 1.15486
4.96038 10.3898
14.3372 2.99942
3.71495 14.5377
5.6431 5.98282
10.1718 11.8474
14.0524 1.38719
13.8122 9.8238
2.55915 3.65356
6.58958 15.3249
4.29562 9.70184
14.9474 1.76032
4.66731 11.3062
4.95806 5.30309
10.0613 8.01263
3.26218 12.397
12.2756 12.8244
11.0884 2.45118
13.7663 11.6463
12.5548 9.25945
6.42883 14.3775
8.39761 1.82421
13.4732 8.91256
10.73 0.617359
8.28253 6.89704
13.3498 14.8878
5.13122 13.0375
8.28327 15.1019
5.89823 0.669872
7.43952 2.05068
13.1739 13.2089
12.2729 4.86021
7.36172 14.7219
2.55883 6.44274
11.3528 12.5029
9.16836 8.44445
10.9913 8.3523
9.74869 0.735921
5.70976 8.24525
13.657 7.93734
5.70158 2.52662
13.8138 13.9823
12.9242 4.09678
9.06155 2.56239
0.661675 4.21635
1.41429 10.0869
9.15386 5.41122
0.133227 11.2721
6.20511 4.25449
1.54807 6.35158
5.50918 13.9708
11.8014 7.74581
13.2666 5.05327
12.7686 0.35726
10.9239 5.35189
4.90901 0.477328
11.9656 13.7795
1.5665 3.74209
1.59913 9.09288
3.31652 9.5614
13.9692 6.96866
6.26205 9.1069
12.6942 8.26131
12.0503 10.8813
8.13126 14.0571
9.24499 9.45813
6.62645 5.64285
8.0828 12.5534
3.06349 10.5626
0.574945 9.19051
8.74107 10.3699
15.157 4.78155
2.60017 11.6271
15 5.81025
10.1529 15.1344
7.26863 6.75963
7.95974 4.0284
3.91704 0.171321
5.3341 3.49697
2.90722 15.2407
7.2686 3.24948
0.881099 0.290271
12.8786 10.2294
8.20216 9.47259
11.2111 9.36827
5.93776 10.1465
11.7243 0.405275
5.24357 9.33869
0.677287 3.17656
15.3314 15.0647
10.0919 2.65808
12.8739 2.0781
1.15615 11.0907
10.2014 9.02844
7.13789 4.71266
11.044 4.31202
8.34787 11.5253
0.502164 6.44955
7.27102 11.6442
12.2155 14.8079
2.75893 14.1866
3.64957 11.4433
4.39565 8.68153
0.372746 10.2431
11.8993 6.7002
12.1913 2.98314
4.27191 3.55027
5.60597 15.02
10.0467 4.75581
9.38595 11.2072
1.01974 8.20833
4.46122 13.8343
4.13486 1.21572
2.51335 2.62502
0.7676 2.09523
6.27935 1.63596
3.32611 8.4898
8.15962 5.07491
2.12277 8.16284
10.9249 13.5502
10.3681 1.6025
9.29006 6.46734
15.0762 3.71025
13.9222 5.90209
7.70127 10.6359
13.9884 3.98084
6.48065 7.50742
0.184878 7.49663
11.1249 14.6502
3.63051 6.51335
5.18913 1.52068
2.16358 0.687447
9.1836 14.3054
4.62828 2.49788
8.69026 0.811818
9.69989 13.3129
13.2943 3.09783
10.8374 6.43001
14.786 12.0948
5.47621 7.00766
9.01083 4.34532
2.77987 5.4077
11.1416 11.4577
0.73483 5.36589
14.7874 0.663472
1.27971 12.8802
2.9751 7.4291
7.00713 12.7245
12.8016 6.0345
0.321902 13.8036
3.91055 5.42055
3.53533 2.15496
1.86744 14.8727
14.6616 13.239
4.33676 12.3212
12.8968 7.18272
9.1568 12.3086
0 26
0 238
0 146
1 150
1 63
1 188
1 93
1 103
2 129
2 124
2 55
2 76
3 112
3 49
3 12
3 197
4 28
4 239
4 160
5 214
5 143
5 218
5 121
6 163
6 236
6 101
6 172
6 223
7 148
7 159
7 181
7 133
7 116
8 107
8 98
8 198
9 167
9 162
9 28
9 206
9 41
10 70
10 185
10 210
10 154
11 181
11 116
11 179
11 160
12 112
12 251
12 208
13 102
13 131
13 232
13 216
14 226
14 30
14 236
14 51
14 58
15 224
15 89
15 166
16 175
16 60
16 145
16 110
16 17
17 145
17 110
17 163
17 101
18 64
18 140
18 54
18 173
18 237
19 170
19 157
19 224
20 232
20 216
20 229
20 171
21 187
21 54
21 36
21 192
22 179
22 104
22 115
22 84
23 215
23 155
23 213
23 44
23 156
24 194
24 146
24 224
24 35
25 188
25 103
25 233
25 99
26 141
26 154
26 31
26 240
27 85
27 188
27 93
27 114
27 202
28 181
28 41
29 163
29 214
29 172
30 247
30 110
31 105
31 238
32 223
32 72
32 158
32 90
33 212
33 126
33 137
33 57
33 177
34 164
34 161
34 232
35 146
35 130
35 215
35 243
36 114
36 202
36 192
37 90
37 182
37 65
37 221
38 157
38 136
38 224
38 48
39 222
39 220
39 149
39 168
40 218
40 234
40 77
40 111
41 206
41 239
42 108
42 99
42 185
43 153
43 138
43 127
43 196
43 122
44 142
44 165
44 78
45 244
45 56
45 147
45 91
45 117
46 229
46 124
46 171
46 231
46 134
47 246
47 62
47 186
47 249
47 178
48 136
48 119
48 89
49 242
49 68
49 62
49 197
50 179
50 160
50 115
51 243
51 58
51 213
52 189
52 169
52 59
52 242
52 68
53 72
53 74
53 90
53 180
54 187
54 237
55 106
55 76
55 212
56 95
56 86
56 244
56 123
57 175
57 177
57 145
58 236
58 135
58 199
59 189
59 144
59 94
59 242
60 203
60 247
60 110
61 202
61 192
61 139
61 128
62 242
62 246
63 96
63 103
64 126
64 118
64 177
64 140
65 95
65 195
66 178
66 97
66 228
66 70
67 248
67 210
67 105
67 203
68 169
68 112
69 208
69 204
69 174
70 211
70 83
70 210
71 151
71 128
71 245
71 201
72 172
72 74
73 115
73 113
73 87
74 121
74 77
74 132
75 115
75 235
75 127
75 250
76 231
76 126
76 118
77 218
77 111
77 132
78 142
78 165
78 189
78 169
79 138
79 250
79 246
79 186
79 96
80 143
80 205
80 151
80 218
80 234
81 98
81 182
81 109
81 95
81 86
82 176
82 228
82 174
82 83
82 209
83 228
83 248
83 210
84 92
84 115
84 144
84 235
85 183
85 120
85 217
85 93
86 109
86 95
86 251
87 239
87 160
87 131
87 113
88 231
88 134
88 118
88 217
88 140
89 166
89 92
90 158
90 180
91 244
91 161
91 129
92 104
92 200
93 183
93 150
94 235
94 242
94 250
94 246
95 195
96 122
96 241
97 241
97 178
97 108
97 211
98 107
98 182
98 109
99 233
99 222
99 219
100 208
100 197
100 174
101 110
101 236
102 206
102 239
103 241
103 108
104 119
104 179
105 210
105 154
106 204
106 117
106 129
106 125
107 199
107 184
107 156
109 198
109 251
110 247
111 132
111 190
111 133
112 169
112 198
113 131
113 153
113 127
114 187
116 159
116 119
116 179
117 147
117 204
117 129
118 231
118 126
118 140
119 159
119 136
120 171
120 134
120 183
120 217
121 172
122 150
123 251
123 208
123 147
124 129
125 204
125 152
125 212
127 138
128 139
128 149
129 161
130 238
130 146
130 243
131 239
132 162
133 148
133 190
133 181
134 171
134 231
135 223
135 158
136 157
136 252
136 159
137 212
137 230
137 175
139 233
139 222
139 149
140 187
141 185
141 219
141 154
141 168
142 155
142 200
142 189
143 237
143 214
143 218
144 200
144 189
144 235
145 191
146 194
147 208
147 204
148 201
148 159
149 220
149 245
150 196
150 183
151 192
151 205
151 234
152 204
152 174
152 209
152 227
153 216
153 196
154 185
155 207
155 215
155 166
156 213
156 165
157 220
157 252
158 184
159 252
160 179
160 239
161 229
162 190
162 180
162 167
163 191
164 193
164 244
164 253
165 198
166 207
166 200
167 180
167 221
167 206
168 219
168 170
168 240
169 198
170 220
170 194
171 225
172 223
173 177
173 191
173 237
173 214
174 176
174 209
175 203
176 249
176 197
176 228
178 186
181 190
182 184
183 196
184 199
185 211
185 219
186 241
187 217
188 233
191 214
192 205
193 221
193 195
193 206
193 253
194 240
194 224
195 221
195 244
196 225
197 249
198 251
199 213
201 234
201 245
201 252
202 233
203 230
205 237
206 253
207 224
207 215
209 248
209 227
210 248
212 227
213 243
214 237
215 243
216 225
219 222
220 245
222 233
223 236
226 247
226 243
227 230
229 232
230 248
232 253
235 250
238 247
245 252
246 250
