63 138 7.70401
2.82978 1.5231
3.84061 6.61725
2.04492 5.99924
1.53093 5.3404
6.30367 3.64549
4.95118 0.45013
4.76475 1.29141
5.18836 5.09104
0.487651 6.8162
2.53184 0.0228675
6.91847 4.43583
0.795973 4.87749
6.23953 7.69963
6.38666 1.73027
7.16978 3.57571
4.47111 2.24555
4.06808 0.52962
3.79682 2.8606
3.957 3.76991
1.63371 0.1164
2.58047 4.24865
4.49194 4.52222
3.15311 0.697115
5.67499 2.9991
3.07765 3.46358
1.30283 2.75553
2.42301 5.18036
0.121298 4.23755
6.06931 4.81613
2.20805 0.878848
6.64793 5.61091
4.25443 5.45396
0.174842 1.0956
4.71184 3.17028
1.63754 4.42972
4.72562 6.33814
0.719209 1.95154
3.44074 7.4601
7.43875 6.24252
6.64011 2.75872
0.954458 3.68524
7.58594 5.21202
4.46144 7.33466
5.67193 5.92063
5.75369 0.974706
7.33823 1.96969
1.2054 1.02784
5.48266 7.06812
6.4654 6.63779
5.43567 2.00637
0.730095 5.86997
2.86208 2.47619
2.64395 6.75337
3.79656 1.50331
3.48713 4.71846
1.48586 6.80489
7.22017 7.4409
0.216409 2.89831
3.2555 5.82128
5.38441 4.0082
6.84748 0.81526
1.90249 1.89526
0.592288 0.107013
0 29
0 22
0 53
0 51
1 58
1 35
1 37
1 42
2 26
2 3
2 55
2 52
3 11
3 34
3 50
3 26
4 23
4 39
4 14
4 59
5 42
5 16
5 44
5 6
6 53
6 49
7 21
7 28
7 43
8 38
8 50
8 55
8 62
9 52
9 37
9 29
9 19
10 14
10 28
10 27
11 27
11 34
11 41
11 50
12 47
12 56
12 60
13 44
13 60
13 49
13 45
14 39
14 57
14 27
15 53
15 49
15 17
15 33
16 42
16 22
16 53
17 51
17 24
17 33
17 18
18 24
18 33
18 21
19 55
19 62
19 46
19 29
20 24
20 34
20 54
20 26
21 54
21 59
21 31
22 37
22 29
22 53
23 49
23 33
23 39
23 59
24 51
25 36
25 61
25 40
26 58
27 40
27 41
28 59
28 30
29 46
29 61
30 43
30 41
30 38
30 48
31 54
31 58
31 35
32 60
32 62
32 46
32 45
32 36
33 59
34 40
35 43
35 42
35 47
36 46
36 57
37 52
37 42
38 41
38 50
38 48
39 45
40 57
41 50
42 47
43 48
44 60
44 49
45 57
46 62
46 61
47 48
48 56
51 61
52 58
54 58
56 60
56 62
