62 136 7.67934
5.47392 3.67747
2.11615 5.7177
0.877722 1.17067
2.95827 5.71161
0.917068 0.325578
4.84517 0.848315
6.12459 6.99727
0.220095 7.50005
4.34849 5.05594
2.24024 6.57026
4.01052 4.23603
3.57285 7.48183
1.60199 5.02019
1.56201 1.69861
3.46113 4.98581
1.40979 6.23309
3.60877 3.37868
2.88085 0.818433
4.91281 4.35723
3.10189 4.14706
7.13012 3.93189
3.848 5.82113
4.84325 1.75391
4.61397 7.65189
2.49367 1.68443
5.2112 6.88688
2.52485 4.90448
5.90519 6.10195
0.548943 6.63217
5.52368 5.08018
3.9326 0.671384
3.18139 6.61453
2.45313 3.4375
1.9948 2.54267
4.5724 3.46065
0.983262 2.46919
6.17825 2.25846
5.23212 2.67318
7.15776 2.59549
1.4298 3.39857
0.0286046 0.760954
0.185703 1.81895
4.20424 6.74556
0.751721 5.50312
3.50459 1.5998
7.0901 6.96742
3.03074 2.56366
6.35137 3.29527
1.49882 7.22851
5.61987 0.154709
7.44314 5.94303
7.57704 4.84482
6.86543 1.43558
4.87696 5.89993
6.71453 0.323756
2.56938 7.51808
4.13003 2.49685
0.873161 4.32232
6.55504 5.26492
1.84403 0.713583
5.76289 1.25674
0.305889 3.32288
0 34
0 47
0 18
1 26
1 12
1 15
1 3
1 9
2 40
2 4
2 41
2 13
3 26
3 14
3 21
3 31
4 7
4 48
4 59
5 23
5 30
5 60
5 22
6 27
6 25
6 45
6 49
7 45
7 28
7 40
8 14
8 18
8 53
8 21
9 15
9 48
9 55
9 31
10 34
10 19
10 18
11 55
11 31
11 42
11 30
12 57
12 26
12 43
13 59
13 35
13 33
13 24
14 26
14 19
14 21
15 43
15 28
15 48
16 56
16 46
16 34
16 19
17 55
17 59
17 24
17 44
18 34
18 29
19 32
19 26
20 47
20 61
20 51
21 53
21 42
22 60
22 56
22 37
23 42
23 25
23 30
23 49
24 33
24 44
25 53
25 42
25 49
27 53
27 58
28 50
29 53
29 58
30 44
31 42
32 33
32 39
32 46
33 35
33 39
33 46
34 56
34 37
35 41
35 61
35 39
36 60
36 52
36 47
36 37
36 38
38 41
38 47
38 61
39 57
40 54
40 52
41 52
42 53
43 51
43 50
44 56
44 46
45 50
45 54
46 56
48 55
49 60
49 54
50 51
50 58
51 57
51 58
52 60
52 54
55 59
57 61
