64 142 7.70853
5.5967 2.153
3.99773 2.07364
0.869762 1.89187
2.33376 3.11941
4.78499 2.38324
4.01982 1.23299
2.38349 3.97488
5.86707 7.24795
6.34327 6.51827
7.4954 4.40558
2.09582 6.40699
6.94651 7.1487
2.83338 7.35647
7.37082 5.28119
6.6644 4.72017
7.31533 2.88116
1.82483 4.66354
1.5841 3.58912
3.14415 1.38485
4.04399 3.90454
3.48151 0.517076
4.16614 6.29962
6.51716 5.63094
3.98968 2.96182
5.97607 1.33386
0.526932 2.724
3.15097 4.46958
7.46543 0.197067
5.76884 4.01328
0.900839 0.115202
4.42887 0.412934
7.61117 1.98162
1.16826 6.56425
3.17525 3.48707
6.4778 0.253411
0.872462 4.80603
5.42129 6.33486
5.95251 3.03324
4.85594 4.44839
2.2821 1.84142
0.265858 7.03773
4.90961 7.22737
1.54686 5.60849
7.28529 6.25296
3.12549 2.45357
0.509405 5.77507
5.73033 5.02557
4.96507 1.43328
6.98022 1.15853
1.53469 2.58656
4.78255 5.50346
2.57806 5.33251
5.45594 0.447614
1.83838 7.37202
6.77063 3.72221
3.82844 7.26174
6.57754 2.179
2.46578 0.590009
1.48598 1.1184
4.93454 3.37013
3.68977 5.3698
0.372187 1.03514
0.567542 3.76976
3.11573 6.36791
0 47
0 4
0 56
1 5
1 44
1 4
1 23
2 61
2 58
2 25
2 49
3 49
3 17
3 33
3 6
4 47
4 59
5 20
5 30
5 18
5 47
6 17
6 33
6 16
6 26
7 41
7 8
7 34
8 36
8 22
8 11
9 54
9 62
9 14
9 13
10 42
10 63
10 32
10 53
11 43
11 34
11 27
12 63
12 53
12 55
12 57
13 14
13 43
13 22
13 45
14 54
14 46
14 22
15 56
15 31
15 54
15 25
16 35
16 42
16 51
17 62
17 49
18 20
18 39
19 33
19 59
19 23
19 38
20 55
20 57
20 30
21 63
21 60
21 50
21 55
22 46
22 43
23 44
23 33
23 59
24 52
24 48
24 47
24 56
25 31
25 62
25 49
26 33
26 60
26 51
27 40
27 34
27 61
28 59
28 37
28 54
28 46
29 40
29 53
29 61
30 55
30 41
30 52
31 48
31 61
31 56
32 45
32 42
32 40
32 53
33 44
34 52
34 48
35 62
35 45
36 50
36 41
37 56
37 59
37 54
38 59
38 46
38 50
39 58
39 44
39 49
40 43
41 55
41 52
42 45
42 51
43 45
46 50
48 61
48 56
50 60
51 60
53 57
55 63
57 58
58 61
60 63
