253 574 15.343
11.3407 2.40202
1.76658 13.3269
0.713399 7.33733
5.11101 7.34762
15.2739 13.7689
3.68006 3.24243
0.835065 5.3829
8.60382 8.07705
3.17422 7.23194
14.9699 0.763142
13.8065 14.9143
7.3179 10.4077
4.54623 13.7599
1.38047 10.003
0.954203 9.27073
14.1829 3.29622
11.998 1.87338
5.49788 8.09308
1.5797 5.7831
13.8647 12.4906
7.21505 8.79351
14.2084 2.44371
2.86245 10.0384
7.09292 11.2319
13.7341 13.3399
3.91694 1.46015
2.28973 4.41032
9.8672 2.90281
14.4448 10.9064
6.16001 3.16234
5.24172 12.6977
10.8613 4.14347
1.31673 1.7569
7.74419 8.10613
9.18159 9.95437
8.65632 11.8266
7.40593 1.61881
0.0947888 9.17037
4.59665 0.923434
10.6338 6.18517
7.93718 11.0106
13.0851 6.10082
9.22418 1.09034
14.3319 11.7669
0.510669 10.0146
8.92664 6.36265
1.56197 4.90847
7.54191 13.724
8.74696 2.6195
11.1859 12.1143
3.10969 1.81029
12.8278 2.15085
12.5348 13.6235
6.75925 12.0473
14.8594 6.33008
2.33895 6.32814
3.02173 14.219
3.74035 9.94331
11.4397 14.7559
12.5419 10.8032
14.1747 6.927
2.63384 13.4045
6.5619 1.31657
7.76678 4.13846
13.4199 2.83991
3.20759 10.8497
5.35949 3.55271
4.90335 6.49838
4.2329 5.86788
0.69702 11.8369
5.26658 4.47235
8.24228 14.3002
5.19962 0.245086
10.3054 8.61802
7.73258 2.46505
2.29777 7.24424
12.1419 2.75422
6.85782 7.94544
8.14871 3.30235
9.14218 3.43908
1.50696 7.73381
14.9579 10.1699
4.69683 1.90625
2.97422 2.718
5.1206 5.59854
10.225 12.3397
0.393876 1.22388
9.74326 7.87363
12.4293 5.45957
3.96541 14.4465
7.89642 15.1569
9.01834 7.27967
4.4389 4.95375
12.6622 4.44884
15.1616 12.1506
10.0116 3.8057
10.4673 2.21536
2.13035 9.51154
10.629 13.9886
12.0299 7.44141
13.999 6.00776
1.25211 12.5946
3.85766 2.3639
7.24274 12.8445
9.21952 12.5606
10.5227 14.9371
11.3212 6.79551
8.42244 0.616706
4.5904 8.1234
13.3056 14.1556
3.66275 13.54
5.94501 14.684
15.0021 2.8855
12.2484 6.49845
9.56378 11.648
1.64828 8.67935
12.7388 3.49389
2.40846 3.49226
2.65137 11.6156
14.3856 4.7348
12.8467 9.91427
5.77905 9.71973
6.97511 4.63012
6.82324 9.63434
11.1506 1.51419
0.353192 12.9624
4.68364 2.87877
6.1501 4.08659
1.24827 15.0478
0.958745 13.7579
0.49393 3.41303
11.5282 8.28361
3.26575 15.1272
3.23402 12.6581
3.29646 0.775618
15.3335 11.182
4.30553 12.791
0.4009 0.247503
12.9928 12.7881
2.50907 8.19016
5.1522 8.94371
11.5972 13.8089
9.49494 2.03277
0.368813 14.5762
1.3294 2.84241
2.23568 12.5266
13.0115 0.0562063
11.5149 5.81765
2.13682 2.22645
9.89754 10.5884
4.24105 0.0479027
1.65638 11.6836
8.87867 15.0662
12.3933 14.5794
10.9132 13.0412
7.71245 11.94
4.94038 14.6341
10.1676 1.26356
11.7367 3.65329
10.0577 9.57234
10.5352 11.3967
8.79354 5.37978
14.9257 3.88467
9.91751 13.2855
8.24447 12.8148
6.93895 14.8825
6.06624 7.35426
9.73791 5.83042
6.58436 13.8952
4.1875 10.8194
7.03396 5.64257
14.4784 9.30087
3.47767 5.22725
4.12094 9.0339
2.43307 5.35573
8.7108 4.33227
7.99734 6.06358
8.89814 10.8834
10.7974 3.17489
10.9018 0.522938
11.8387 10.1086
8.92607 13.5955
3.6652 11.7305
4.71789 11.8407
0.492788 6.27427
1.4452 6.73401
13.6011 4.05983
15.1075 7.27642
9.77279 0.280735
8.21217 10.0686
9.94367 6.87716
3.05461 9.08674
14.8464 1.71532
14.6597 13.0358
0.986868 10.8772
13.1031 7.0862
3.32834 6.28632
9.66684 4.76564
10.7237 7.62894
5.59333 2.37318
12.7804 8.12711
5.78845 11.878
13.8432 10.1479
9.67288 14.3642
14.8922 8.32881
5.51765 13.7357
0.461387 2.24106
6.21159 12.8867
2.33456 1.18793
3.55841 8.1182
8.17671 8.98823
12.668 1.15651
4.74736 9.90929
15.2008 5.38822
7.3013 0.634944
10.6545 5.19377
7.12583 3.36494
6.35895 10.5855
0.482116 4.47352
13.9573 0.544465
4.14778 7.17388
8.00966 7.15191
14.3539 14.0952
6.22043 0.353974
13.4242 9.02829
13.6827 1.61643
1.43829 3.90431
1.32329 0.760466
6.22342 8.75972
12.2265 9.07803
2.24225 0.0748511
11.9415 12.7933
11.9661 0.285937
13.4193 5.14879
6.70403 2.32785
11.5902 11.1778
8.40343 1.67165
11.6703 4.74225
13.4861 11.2067
0.65379 8.32269
13.8655 7.90486
9.28185 8.80851
5.28096 10.8893
5.54039 1.2615
2.00003 14.2881
12.5272 11.8245
5.91353 6.27831
4.39473 3.91431
6.05177 5.14794
3.26204 4.14447
14.782 15.1271
11.107 9.27955
6.96877 6.73838
0 96
0 124
0 16
0 178
0 76
1 145
1 101
1 129
1 61
1 244
2 185
2 187
2 80
2 239
3 67
3 220
3 17
4 125
4 222
4 193
4 143
5 83
5 102
5 249
5 247
6 218
6 213
6 46
6 18
6 184
7 33
7 91
7 241
8 196
8 75
8 220
8 209
9 250
9 137
9 192
9 86
10 109
10 222
10 250
10 219
10 146
11 217
11 123
11 189
11 40
11 23
12 110
12 205
12 89
13 14
13 44
13 97
13 194
14 239
14 37
14 115
14 44
15 112
15 21
15 186
15 162
16 211
16 124
16 51
16 76
17 108
17 166
17 140
17 228
18 46
18 174
18 185
19 43
19 138
19 24
19 193
20 33
20 228
20 210
20 123
21 225
21 192
21 64
21 112
22 191
22 97
22 57
22 65
23 217
23 40
23 53
23 155
24 138
24 109
24 222
24 193
25 134
25 38
25 50
25 82
25 102
26 117
26 226
26 249
26 46
26 174
27 96
27 79
27 178
27 95
28 202
28 81
28 238
28 135
28 43
29 234
29 199
29 216
29 66
29 127
30 136
30 201
30 207
31 178
31 95
31 237
32 227
32 206
32 148
33 77
33 221
33 210
34 189
34 159
34 177
35 177
35 114
35 155
35 104
36 214
36 234
36 62
36 236
36 74
37 171
37 239
38 150
38 72
38 243
39 167
39 215
39 147
39 190
39 106
40 189
40 177
40 155
41 88
41 233
41 113
41 100
41 195
42 107
42 188
42 236
42 157
43 238
43 94
44 81
44 194
45 167
45 176
45 91
46 226
46 174
47 103
47 168
47 71
48 236
48 142
48 78
48 79
49 160
49 235
49 231
49 154
50 208
50 83
50 102
51 211
51 225
51 76
51 64
52 231
52 138
52 141
52 109
52 153
53 201
53 207
53 155
53 103
54 213
54 100
54 60
54 184
54 187
55 174
55 185
55 196
55 75
56 61
56 110
56 244
56 132
57 173
57 212
57 169
58 141
58 105
58 153
58 232
59 180
59 120
59 235
59 238
59 245
60 100
60 240
60 187
61 145
61 133
62 223
62 214
62 243
62 234
63 216
63 78
63 122
63 175
64 116
65 118
65 182
65 169
66 126
66 247
66 70
66 127
67 68
67 84
67 246
67 220
68 172
68 92
68 84
68 196
69 135
69 194
69 151
69 94
69 101
70 247
70 127
70 248
71 181
71 90
72 150
72 223
73 87
73 241
73 251
73 159
74 234
74 236
74 78
75 185
75 80
75 139
76 116
76 158
77 166
77 228
78 216
79 175
79 95
80 185
80 239
80 115
81 171
82 102
82 199
83 148
83 117
83 102
84 92
84 248
84 246
85 160
85 114
85 163
85 154
86 137
86 227
86 192
86 206
87 190
87 91
87 198
87 241
88 237
88 147
88 233
89 110
89 132
89 156
89 150
90 165
90 152
90 214
90 107
91 190
91 221
92 247
92 172
93 116
93 186
93 237
93 233
94 135
94 125
94 193
95 178
95 197
96 157
96 142
96 124
96 178
97 115
97 191
98 163
98 154
98 141
98 203
98 105
99 106
99 113
99 200
99 131
100 233
101 151
101 125
101 145
102 126
103 207
103 164
104 114
104 164
104 163
105 203
105 188
105 179
106 147
106 113
106 198
107 152
107 236
108 220
108 209
108 140
109 222
109 153
110 133
110 136
111 205
111 168
111 156
111 165
111 223
112 206
112 130
112 162
113 147
113 195
114 177
114 160
115 139
115 239
116 158
116 186
117 226
117 249
118 151
118 182
118 145
119 186
119 162
119 233
119 213
120 229
120 224
120 180
120 202
121 140
121 228
121 212
121 217
122 127
122 248
122 170
123 228
123 217
124 179
124 157
125 193
125 129
126 199
126 247
127 248
128 143
128 244
128 137
128 230
128 227
129 143
130 144
130 162
130 218
130 226
131 198
131 251
131 229
132 230
132 134
132 150
133 182
133 145
134 208
135 194
136 183
137 250
137 143
137 227
138 245
138 231
139 209
139 191
140 173
140 212
141 231
141 154
142 157
143 250
144 206
144 148
144 226
145 151
146 153
146 232
146 219
147 237
147 215
148 208
149 159
149 177
149 160
150 156
151 194
152 203
152 188
154 231
154 163
155 164
156 205
157 188
157 179
158 178
158 237
159 241
159 251
160 235
161 175
161 197
161 167
161 176
162 218
163 181
164 181
165 168
165 223
166 252
166 246
167 197
167 190
168 207
168 205
169 212
169 182
169 242
170 248
170 252
170 176
171 224
171 204
171 202
172 249
172 174
172 196
173 209
173 191
173 212
175 197
176 221
177 189
179 232
180 251
180 229
180 235
181 203
182 183
183 242
183 201
184 213
184 185
186 233
187 204
189 210
190 198
191 209
192 206
193 222
195 200
195 240
197 215
199 243
199 234
200 240
200 229
200 224
201 242
201 207
202 238
204 240
204 239
205 207
208 230
208 227
209 220
210 241
211 232
211 225
212 242
213 218
214 223
215 237
216 234
217 242
218 226
219 250
219 225
221 252
222 250
223 243
229 251
231 245
235 245
238 245
246 248
246 252
247 249
