128 289 10.8815
9.1668 9.06113
2.37512 1.03963
9.58953 5.62768
5.66211 5.13968
10.4194 5.55708
0.75067 1.9111
10.1859 7.28314
7.6051 10.065
2.86811 5.45518
3.38156 10.698
1.39973 2.45539
5.12164 10.5687
9.67317 1.15625
4.61284 6.23028
4.8486 5.39475
8.99357 4.44882
6.7638 6.60805
0.381386 2.68822
0.966806 10.4601
7.98595 0.737064
8.0447 7.67002
0.649166 8.11152
4.93392 9.71521
4.67351 3.5992
7.16601 1.06916
7.59048 6.91272
3.28615 1.80214
5.60808 8.0025
3.8145 6.59101
1.05641 3.27007
10.5236 0.947805
7.1645 9.30597
10.5086 6.42916
4.70525 8.0323
0.0487049 4.84133
1.84731 10.2987
2.64488 3.79661
5.24091 1.69112
3.98486 7.47443
5.74678 3.40744
8.67032 8.32815
10.6218 8.06353
8.9045 7.38528
2.03523 3.08825
2.14698 6.92862
2.25601 4.81223
8.09302 4.56358
5.18209 8.82884
2.749 10.0538
5.98168 2.27386
0.187947 8.89913
8.87164 1.56961
3.4147 8.21816
3.01654 7.33541
4.89159 7.10585
2.97598 2.91448
4.26879 0.026215
1.43677 8.61413
0.275051 9.8531
2.17125 9.27044
0.707482 4.15378
2.9098 6.36094
9.69539 2.08563
1.22405 9.56793
7.48058 8.41255
6.68389 10.1228
8.25708 10.7137
5.33296 4.28011
5.52845 6.10844
2.50771 0.124076
1.53217 1.42296
10.0878 8.97893
6.92614 2.01459
3.17198 9.17043
8.91984 0.586591
8.46537 6.5125
5.87196 9.53266
4.1864 8.85519
1.45632 7.61537
10.3254 2.87742
7.16439 4.87472
1.69162 4.00907
7.89556 1.69588
9.8717 0.222537
0.611386 0.972212
10.6945 1.9064
6.65641 3.01811
3.23234 4.58298
9.62883 8.05811
3.69762 3.62917
8.79218 2.57162
5.91313 7.07052
7.25392 0.094735
9.01382 10.0038
6.86059 7.57876
1.2669 5.01742
10.6117 3.89011
6.35817 4.20357
9.52 6.58329
9.92931 4.72728
0.476416 5.75499
1.50396 0.38543
0.2722 7.19732
1.9795 5.84068
6.47077 5.66985
1.1808 6.58778
7.37353 3.82372
5.0442 2.68019
2.37973 8.16284
5.07867 0.684896
9.55975 3.62971
3.95265 9.90283
3.32606 0.79815
7.71068 2.75836
2.32926 2.10113
3.95272 2.55825
8.45554 3.60175
8.62944 5.44704
4.31482 4.54163
6.42702 8.60022
10.1186 10.0493
4.24348 1.45289
6.04018 0.0894514
8.19271 9.25396
0.0616475 0.0140343
3.85228 5.57168
7.57346 5.88902
6.16377 1.23032
0 40
0 123
0 71
0 93
1 112
1 69
1 70
2 99
2 117
2 4
2 98
3 67
3 14
3 104
4 99
4 100
4 34
4 32
5 84
5 85
5 70
5 17
5 10
6 98
6 102
6 88
6 41
7 31
7 123
7 65
7 66
8 45
8 87
8 103
8 125
8 61
9 48
9 111
9 112
9 69
9 56
10 114
10 29
10 43
11 22
11 56
11 122
12 74
12 83
12 30
12 51
12 62
13 125
13 14
13 28
13 68
13 54
14 118
14 125
15 116
15 46
15 110
15 99
16 104
16 91
16 25
16 94
17 85
17 79
17 29
18 63
18 58
18 35
18 124
18 101
19 66
19 92
19 24
19 74
19 82
20 25
20 64
20 42
20 40
21 102
21 41
21 78
21 50
21 57
22 76
22 47
22 111
23 107
23 118
23 89
23 67
24 92
24 127
24 82
25 126
25 75
25 94
26 112
26 114
26 121
26 115
27 91
27 33
27 47
27 119
28 125
28 61
28 38
29 60
29 81
30 83
30 124
30 84
30 85
31 64
31 119
31 123
31 65
32 98
32 102
33 54
33 38
33 77
33 47
34 99
34 96
34 60
34 100
35 63
35 48
35 69
36 43
36 55
36 81
36 87
37 109
37 121
37 49
37 127
37 107
38 52
39 107
39 86
39 67
39 97
40 88
40 123
41 102
41 88
41 50
42 98
42 75
42 88
43 114
43 55
43 81
44 105
44 61
44 78
44 53
45 81
45 87
45 95
46 116
46 106
46 80
46 117
47 77
47 76
48 59
48 73
48 69
49 127
49 72
49 107
49 86
50 71
50 58
51 74
51 82
51 62
51 90
52 108
52 53
52 73
52 77
53 61
53 108
54 91
55 114
55 115
55 89
56 109
57 108
57 78
57 63
57 59
58 63
58 120
58 124
59 63
59 73
60 96
60 81
60 95
62 85
62 90
62 79
64 94
64 119
65 76
65 122
65 92
66 93
66 92
66 74
67 118
67 97
68 104
68 91
69 101
69 112
70 84
70 101
70 114
71 88
71 120
72 127
72 82
72 86
73 111
74 83
75 126
75 117
75 98
76 119
77 111
78 105
78 108
79 85
79 110
79 96
80 97
80 106
80 104
80 126
82 113
83 120
83 124
84 124
84 101
86 113
86 106
87 118
87 89
89 115
89 118
90 116
90 113
91 94
93 123
93 120
94 119
95 100
95 103
96 110
96 99
97 106
100 105
102 105
103 105
104 126
106 116
106 113
107 115
109 122
109 121
110 116
112 121
113 116
115 121
117 126
118 125
122 127
