125 281 10.8056
0.77107 10.0724
7.58025 5.96497
8.41722 7.24197
8.54801 3.6167
10.6846 8.5265
4.19941 0.502454
9.21421 5.44389
2.64728 8.36754
0.203636 5.91977
5.78965 5.99589
8.18369 10.6531
9.62006 10.0788
7.81637 7.83397
2.19252 4.60683
5.86948 9.40939
7.50533 10.1316
2.78096 3.96842
8.75734 10.0108
6.73408 1.22949
1.79774 8.52657
10.3918 3.88733
4.53979 10.5171
1.79916 0.633011
3.26704 8.97817
3.65686 10.6312
10.1051 0.242237
0.199113 0.256607
1.78199 6.68571
8.94168 4.61578
6.67052 10.4236
6.34779 4.99619
10.2119 7.78451
4.2996 6.83411
1.08454 0.0821476
1.61683 3.92621
0.793652 2.13038
9.44942 8.29352
8.32901 0.719803
0.32479 7.76745
0.224733 2.99792
2.38175 9.22208
3.39656 7.03365
9.34066 6.32768
9.69959 2.00046
0.277959 9.33072
8.38904 6.35044
7.27616 5.12047
6.6891 5.85676
7.97808 2.37467
4.92616 2.37274
9.08558 9.15754
2.45473 1.29081
6.54076 3.22764
2.08892 5.52106
4.70213 5.97523
10.6513 2.12286
5.27587 8.64573
6.83942 7.7486
7.31047 8.60012
6.22501 0.442197
6.31969 8.5957
0.861319 8.56128
3.86911 9.7062
9.44569 3.80998
4.35304 3.17813
8.2901 5.37739
2.92377 10.0269
3.71714 4.09911
10.1039 5.70931
9.57421 1.03781
5.86418 4.16921
1.41553 9.40288
9.90466 4.71161
5.13709 0.45819
7.66583 1.43276
10.5935 1.12419
5.27271 6.79029
6.81892 9.47395
5.93016 2.43105
9.35021 7.31846
2.68715 6.33702
10.0858 9.24979
3.69235 6.05638
5.36164 3.28444
4.75491 4.14352
10.5712 10.1881
1.19934 3.03461
6.90059 4.17869
1.16027 5.93115
2.2392 3.15792
3.9161 2.21934
3.54921 8.03226
5.68155 10.365
0.578569 6.81019
0.127029 4.95331
9.12169 0.104371
7.47152 6.92068
2.45884 7.41727
10.0404 2.9602
6.96642 2.23095
8.71216 1.64839
5.74455 7.73445
1.92173 10.3356
4.90526 9.60239
7.5791 3.32764
4.60405 1.38551
0.586421 3.95114
8.06079 9.31226
7.96474 4.37223
3.04921 5.1076
1.22937 4.85982
3.30594 3.11693
10.2841 6.7647
4.6293 7.80559
2.75221 0.282858
3.49657 1.19612
4.17052 5.06928
6.35684 6.81936
7.34108 0.394236
1.82736 2.13033
1.35472 7.61262
0.884689 1.09732
8.96044 2.73436
5.72588 1.3749
5.31753 5.10502
0 44
0 71
0 33
1 47
1 65
1 46
1 96
1 45
2 45
2 12
2 79
3 122
3 108
3 63
4 31
4 38
4 81
4 44
5 24
5 21
5 115
5 73
5 105
6 28
6 65
6 68
6 42
7 97
7 91
7 40
7 19
7 23
8 68
8 94
8 88
8 93
9 124
9 47
9 76
9 117
10 15
10 17
10 118
10 37
10 95
11 81
11 17
11 85
11 95
12 96
12 58
13 34
13 16
13 110
13 53
13 109
14 103
14 77
14 60
14 92
15 77
15 107
15 29
16 89
16 111
16 67
17 107
17 50
17 95
18 59
18 123
18 74
19 120
19 61
19 71
19 40
20 98
20 72
20 106
21 103
21 24
21 73
22 121
22 33
22 114
22 51
23 91
23 40
23 62
24 66
24 62
24 114
25 85
25 95
25 69
25 26
26 85
26 75
26 33
27 88
27 80
27 120
27 97
28 108
28 63
28 72
29 77
29 92
29 59
29 118
30 70
30 87
30 124
30 47
30 46
31 112
31 79
31 36
31 38
32 54
32 41
32 82
32 76
32 113
33 102
33 121
34 86
34 89
34 110
35 121
35 55
35 119
35 86
36 79
36 50
37 118
37 95
37 74
37 100
38 93
38 120
38 61
39 55
39 98
39 86
39 106
40 71
40 66
41 80
41 97
41 91
42 68
42 45
42 112
42 79
43 69
43 55
43 122
43 98
44 81
44 61
44 85
45 65
46 87
46 108
46 47
47 117
48 99
48 74
48 100
48 104
48 122
49 105
49 90
49 64
49 83
49 78
50 107
50 81
51 115
51 114
51 119
52 78
52 104
52 87
53 88
53 109
53 80
54 116
54 124
54 82
54 76
55 75
55 98
56 113
56 101
56 103
57 117
57 96
57 60
57 58
58 77
58 60
58 107
59 92
59 123
60 101
60 77
61 120
61 71
62 103
62 66
63 98
63 72
64 111
64 83
65 108
66 102
66 114
67 111
67 84
67 116
68 72
68 112
69 95
69 75
69 100
70 83
70 87
70 124
71 102
72 94
73 92
73 105
73 123
74 118
74 99
74 100
75 121
76 117
76 101
78 123
78 99
78 83
79 112
80 82
81 85
82 116
83 84
84 116
84 124
86 119
86 89
87 104
87 108
88 110
88 93
89 119
89 111
90 115
90 105
90 111
91 113
92 103
93 112
93 120
94 106
94 110
96 117
97 120
98 122
100 122
101 117
101 113
102 114
104 108
105 115
105 123
106 110
109 116
116 124
