253 576 15.3397
2.64745 12.1878
10.6679 6.94868
4.40152 12.2976
7.0181 4.43856
7.24789 10.7868
10.1838 15.1803
9.37456 14.9588
4.14324 3.59
3.19773 8.8759
10.6083 13.0223
7.17676 0.141606
7.45924 1.04123
1.61107 3.72305
5.53239 10.2272
15.2938 13.4967
3.74999 14.8262
7.83246 4.14627
1.71838 6.77496
8.58871 9.55539
13.6248 7.51406
13.945 10.2102
6.74708 5.24019
14.34 10.971
5.187 4.99238
2.48702 7.14569
3.31365 13.0742
12.9413 11.818
14.9847 14.311
3.05292 11.4419
2.4756 9.32477
1.40453 1.28893
3.9308 2.55676
12.993 0.360886
13.4613 9.20801
12.2246 1.01244
14.8854 1.66228
0.996519 9.0088
2.27149 14.5305
0.172097 7.65117
13.8465 0.152977
3.71567 8.18584
6.84068 2.69848
9.90318 8.71267
13.1817 6.74615
14.6562 15.1263
9.61649 3.32759
2.10501 1.82171
12.2435 4.09656
15.1092 8.44031
8.06881 7.1668
0.207843 15.099
6.60077 11.3651
12.1005 10.1445
8.04954 13.9549
3.25668 9.7447
14.4323 13.6183
12.8522 2.29949
0.930815 8.12234
5.46133 14.7742
1.70802 4.59627
0.065723 5.63631
0.951858 7.21424
13.3543 4.87464
14.6277 7.50635
12.8994 14.8055
3.42066 10.6375
7.1805 6.98608
9.47357 9.50503
0.900701 3.21035
5.02942 11.6966
6.09584 6.72641
3.35078 7.35831
5.72779 11.0946
7.47266 11.6357
4.05491 9.05884
11.9491 2.47502
4.4022 5.81558
11.4219 11.2698
14.0909 6.75816
6.81515 6.13611
2.15483 11.4566
5.19249 12.6916
4.84682 10.7899
4.29836 4.89432
3.52769 12.2064
8.50606 14.7537
9.09544 0.467458
10.4162 1.65394
9.17011 14.0877
0.378772 12.2181
0.819246 4.13615
12.565 3.18351
10.4902 11.3714
11.0971 10.3838
6.6979 3.60686
1.75495 7.68805
12.0373 11.9886
3.52711 13.9566
1.84531 8.65742
14.1299 1.02673
14.5566 2.857
8.94049 12.1556
14.9693 11.627
6.36159 15.1003
6.57934 0.816576
6.41587 10.4477
4.47609 14.2723
9.86128 2.43671
2.45852 4.02449
8.63056 5.59514
5.74578 3.68595
6.87188 12.3665
11.3115 7.57522
7.84279 12.5143
4.93289 3.13941
3.88218 1.62696
13.0403 10.0388
14.4997 5.90333
9.7363 13.3027
1.78019 5.59454
1.48859 10.7696
8.77909 6.5502
11.0927 13.7878
2.59615 13.6589
4.876 4.12596
13.1683 3.94397
3.68617 6.45915
10.4315 9.49061
6.83596 1.75949
7.60133 3.2529
6.04691 4.62867
11.7024 12.9967
2.57516 5.00433
9.43037 1.55337
1.31806 11.9486
11.6093 3.3945
5.26286 13.6655
14.2979 4.94084
11.9306 8.34688
12.4934 6.08519
5.92852 12.0451
0.673928 10.1858
8.64714 4.6073
8.02566 10.2917
0.476626 1.47379
3.76008 0.629372
11.4361 9.45404
12.3718 11.0607
10.0342 0.749785
5.40598 7.5071
0.107964 9.33806
4.6958 1.04351
7.47029 7.91848
13.4907 5.83724
0.890618 5.12069
9.76409 6.72842
4.05876 11.3778
0.129799 2.44653
12.6901 12.7345
9.04497 10.3834
3.48587 5.45865
11.4834 5.50761
13.3912 10.9772
6.18826 14.1187
9.49403 11.3151
11.0607 12.1936
12.4423 9.23344
12.4052 5.05255
14.9853 10.2715
1.3952 14.9246
7.7373 2.24276
13.5505 2.99282
14.4128 9.38519
10.0911 10.4519
6.11937 9.48301
1.924 0.48734
2.67967 8.08694
4.19743 10.0375
1.61597 9.75225
13.7185 12.95
0.855708 0.496064
2.45554 10.4119
8.10325 0.32772
13.9812 2.02659
8.93151 8.6663
10.1675 14.233
0.564561 11.2245
7.81019 6.21228
9.62946 5.4108
6.12622 13.0698
11.0727 14.8236
6.44893 7.66372
5.11518 6.50807
11.3289 4.46381
15.2874 4.64579
3.02001 2.18554
5.7607 8.49355
4.69747 8.29169
5.8536 2.66146
7.877 8.89211
4.34934 7.26714
11.5504 6.56574
11.0714 0.5696
15.3089 3.55802
14.1168 8.36118
0.84932 13.1206
11.4394 1.59794
13.1484 1.33876
4.28468 13.2546
0.625499 14.193
12.0096 14.2644
3.42884 4.38167
7.1554 9.71306
4.81619 2.10447
10.1128 7.74041
9.66919 4.32493
10.541 5.99219
2.81138 1.11001
7.71376 5.12024
8.41867 11.2679
4.59691 15.3083
8.81244 2.41879
5.7936 1.56315
10.888 8.53581
7.20766 14.4996
8.38714 1.37737
2.66482 6.16786
1.19647 2.2533
5.04262 9.34521
14.7781 12.659
9.97645 12.2768
0.915991 6.19786
15.1108 0.678089
13.9529 11.8902
12.0426 0.0312897
7.21057 13.369
1.92044 12.8404
10.5701 3.66342
9.00247 7.5775
2.89439 15.3223
8.68168 13.1654
5.59546 0.456802
8.6274 3.53426
15.2295 6.67551
12.9977 13.7741
2.13779 2.87626
10.91 2.57839
13.8825 14.4799
5.87177 5.71028
13.0055 8.29832
3.21029 3.27622
12.3566 7.3457
14.234 3.86599
0 80
0 28
0 236
0 84
1 216
1 155
1 201
1 214
1 112
2 69
2 84
2 81
2 208
3 94
3 21
3 218
4 105
4 143
4 51
4 73
5 6
5 185
5 190
5 148
6 88
6 85
6 86
7 250
7 114
7 124
8 176
8 40
8 29
8 74
8 54
9 230
9 165
9 118
9 122
10 103
10 224
10 104
10 182
11 104
11 182
11 225
12 68
12 245
12 90
12 59
12 108
13 174
13 105
13 82
13 72
14 229
14 55
14 205
14 209
15 97
15 239
15 220
15 106
16 129
16 242
16 142
16 218
17 231
17 61
17 24
18 199
18 184
18 143
18 159
18 67
19 78
19 249
19 204
20 172
20 116
20 162
20 22
21 130
21 248
21 218
21 79
22 168
22 162
22 102
22 233
23 124
23 130
23 83
23 248
24 226
24 95
24 176
24 71
25 84
25 123
25 97
25 208
26 147
26 162
26 158
27 55
27 44
27 209
28 80
28 65
28 84
29 98
29 178
29 54
30 180
30 175
30 144
30 227
30 46
31 195
31 115
31 213
31 250
32 234
32 39
32 207
33 249
33 172
33 116
34 234
34 206
34 207
35 232
35 183
35 144
36 57
36 150
36 98
36 178
37 123
37 169
37 239
38 243
38 63
38 61
38 57
38 48
39 247
39 44
39 99
40 71
40 197
41 128
41 198
41 129
41 94
42 214
42 184
42 223
42 127
42 67
43 153
43 139
43 78
43 251
44 247
44 50
44 232
45 242
45 107
45 237
45 215
46 217
46 227
46 195
47 135
47 193
47 125
47 167
48 204
48 150
49 187
49 66
49 121
49 152
49 238
50 209
50 232
50 180
51 105
51 72
51 73
51 140
52 166
52 146
52 116
52 147
53 235
53 240
53 224
53 85
54 177
54 65
55 179
55 229
55 247
56 207
56 91
56 75
56 171
57 61
57 95
58 163
58 220
58 241
59 108
59 154
59 132
60 194
60 154
60 117
60 231
61 231
61 95
62 125
62 167
62 153
62 137
63 78
63 243
63 204
64 244
64 247
64 234
65 181
65 177
65 156
66 79
66 187
66 191
66 152
67 184
67 159
67 127
68 227
68 203
68 90
69 82
69 72
69 140
70 248
70 192
70 79
70 191
71 126
71 176
71 200
72 105
72 82
72 140
73 219
73 111
73 113
74 197
74 228
74 177
75 206
75 246
75 91
76 160
76 83
76 126
76 192
77 93
77 92
77 147
77 165
77 96
78 117
79 248
79 187
80 120
80 134
81 140
81 136
81 189
82 177
82 156
83 211
83 124
83 160
84 156
85 88
85 182
86 182
86 148
87 148
87 206
87 107
87 246
88 240
88 118
88 185
89 102
89 186
89 229
89 134
89 205
90 203
90 194
90 154
91 135
91 171
91 125
92 173
92 164
92 230
92 165
93 173
93 146
94 129
94 110
95 176
96 147
96 165
96 158
97 123
97 208
98 176
99 232
99 207
99 183
100 183
100 157
100 252
100 203
101 219
101 164
101 230
101 240
102 186
102 233
102 229
103 163
103 224
103 241
104 241
104 128
105 174
105 212
106 208
106 136
106 220
107 133
107 221
107 246
108 250
108 211
108 132
109 142
109 218
109 188
109 187
109 121
110 198
110 114
110 124
110 130
111 140
111 113
111 189
111 235
112 201
112 251
112 223
112 138
113 235
113 240
114 213
114 198
114 124
115 151
115 145
115 195
115 213
116 166
116 162
117 153
117 137
117 243
118 230
118 240
118 185
119 154
119 132
119 231
119 226
120 141
120 178
120 181
120 186
121 187
121 155
121 238
122 131
122 185
122 190
122 210
123 236
125 171
125 252
126 160
126 226
126 200
127 223
127 173
127 146
128 222
128 170
129 170
129 242
131 165
131 158
132 211
132 160
133 148
133 225
133 221
134 186
134 236
135 246
135 237
136 208
136 189
136 163
137 252
137 194
138 251
138 223
138 166
138 249
139 167
139 153
139 201
140 189
141 150
141 168
141 178
141 186
142 242
142 215
142 218
143 212
143 159
143 219
144 232
144 180
144 227
144 157
145 239
145 220
145 217
145 151
146 223
146 166
147 162
148 202
149 192
149 191
149 197
149 196
150 172
150 168
151 220
151 241
151 213
152 191
152 199
154 194
154 231
155 216
155 214
157 227
158 179
158 244
159 173
159 219
159 164
160 211
160 226
161 193
161 167
161 216
161 201
162 233
163 189
163 224
164 173
164 219
164 230
165 230
166 249
168 172
169 209
169 180
169 175
170 225
170 221
171 183
171 252
172 204
174 228
174 196
174 212
175 239
175 180
175 217
177 228
178 181
179 233
179 229
179 244
180 232
182 225
183 207
184 238
184 199
185 190
187 218
188 215
188 216
190 210
190 202
190 234
191 196
192 248
192 200
193 237
194 203
195 217
195 245
195 250
196 197
196 228
197 200
197 228
198 222
199 212
201 251
202 234
202 206
203 252
204 249
205 236
205 209
206 246
210 244
210 234
211 250
213 222
214 238
214 223
215 237
217 239
220 241
221 225
221 242
222 241
224 235
227 245
229 233
231 243
237 246
244 247
245 250
249 251
