128 284 10.8691
2.32569 9.16201
9.83311 7.51245
3.46541 4.27858
0.820123 4.40671
3.97148 7.08641
2.35822 7.67194
8.72533 1.36735
8.1427 10.3948
6.82882 4.94225
2.7216 8.43232
2.30703 0.138813
5.78902 6.60239
1.5021 9.3066
5.87293 3.39505
5.36659 1.45865
7.3326 2.74939
8.46651 4.39595
2.09658 6.85925
0.353974 6.2795
9.38041 6.79356
2.76668 4.78086
1.50823 7.50603
8.07505 7.41962
0.00113331 9.90438
5.15859 9.67111
0.0392991 4.7861
7.14032 5.75266
5.18103 7.99393
1.09883 2.97251
10.6108 5.63865
7.32001 10.0814
7.17942 1.8737
6.9797 9.23311
0.349443 1.60254
0.906757 9.96047
4.10717 6.22343
0.858645 8.13502
6.67385 6.52977
9.3649 10.6189
3.8573 0.791027
9.36083 4.24784
3.8532 3.47878
4.14944 9.66401
2.0231 2.92582
4.25799 7.92531
0.39607 10.7335
8.95754 7.67093
4.46817 1.51245
9.99648 4.94546
6.42905 2.68494
0.413394 3.6024
5.88754 0.706006
7.91091 9.357
7.84546 1.16355
0.629853 9.05417
7.56829 0.228828
9.88428 9.78885
10.3126 10.6576
9.50828 0.897189
0.7489 0.751177
9.70374 5.91579
6.60274 8.35906
6.23833 1.7415
4.91037 0.652561
4.31668 5.29583
2.84162 0.898974
9.69697 8.41472
6.85554 3.56795
3.30282 7.7169
1.2873 6.38957
0.238114 2.55894
7.52198 4.32618
1.78773 8.41194
1.37674 10.8393
7.65117 6.561
0.611402 7.18934
9.03266 5.16375
4.93317 3.40368
10.5084 9.01491
5.70929 8.80722
6.0238 7.52197
10.288 1.85966
6.13843 4.30371
7.99945 3.42441
5.06652 5.98211
6.86382 0.947836
4.41241 4.2928
2.63108 3.82525
1.80099 4.84875
4.67559 8.82767
1.57206 3.82321
3.62669 8.72857
2.08722 10.0755
6.13899 9.76226
10.3559 6.71705
5.27749 4.91631
7.9894 5.25714
4.92649 7.03897
10.3337 3.98222
7.63695 8.3722
3.32595 5.58457
4.35978 10.648
7.08403 7.44401
8.85982 9.74303
1.26604 1.99405
8.68221 8.66183
10.1137 2.91462
8.58766 0.401527
2.36007 1.95447
5.41926 2.44755
5.46035 10.6246
8.6291 6.15013
3.27448 10.8104
9.27187 2.17856
3.1252 9.706
9.06191 3.27266
8.15188 2.17689
3.05953 2.82424
4.29294 2.53972
6.56895 10.7721
10.5629 0.809146
3.07858 6.66492
10.7119 7.95086
0.852117 5.40187
3.46297 1.76105
6.11771 5.64879
2.23824 5.85958
1.77556 0.989157
0 72
0 9
0 12
0 92
0 114
1 19
1 94
1 46
1 122
1 66
2 41
2 87
2 20
2 86
3 50
3 25
3 90
3 123
4 121
4 35
4 97
4 68
4 44
5 17
5 72
5 21
5 9
6 53
6 107
6 58
6 116
6 113
7 30
7 103
7 55
7 107
8 82
8 71
8 125
8 26
9 72
9 68
9 91
10 92
10 112
10 127
10 65
11 84
11 125
11 97
11 37
11 80
12 72
12 54
12 34
12 92
13 77
13 49
13 82
14 63
14 51
14 47
14 62
14 109
15 31
15 116
15 49
15 83
16 71
16 40
16 76
17 126
17 69
17 121
17 21
18 29
18 123
18 94
18 75
18 69
19 60
19 111
19 94
20 87
20 88
20 100
21 75
21 36
21 72
22 74
22 102
22 46
23 78
23 57
23 45
23 34
24 89
24 110
24 93
25 98
25 48
25 29
25 123
26 125
26 96
26 37
26 74
27 97
27 44
27 80
27 89
27 79
28 104
28 70
28 50
28 43
28 90
29 60
29 48
30 32
30 52
30 119
31 85
31 62
31 116
32 61
32 52
32 93
33 120
33 59
33 81
33 104
33 70
34 54
34 45
35 100
35 64
35 84
36 75
36 122
36 72
36 54
37 125
37 74
37 102
38 103
38 57
38 107
39 112
39 124
39 47
40 115
40 98
40 76
40 48
41 117
41 118
41 86
42 89
42 114
42 101
43 108
43 117
43 90
44 68
44 89
45 57
45 73
45 59
46 105
47 63
47 124
47 118
48 98
48 76
49 62
49 109
49 67
50 98
51 110
51 119
51 63
51 85
52 99
52 105
52 103
53 85
53 55
54 78
55 119
55 85
55 107
56 78
56 103
56 57
57 120
58 107
58 120
59 73
59 120
59 127
60 76
60 94
61 80
61 102
61 99
61 79
62 85
63 101
63 110
64 86
64 100
64 95
64 84
65 112
65 127
65 124
66 105
66 78
67 82
67 71
68 121
69 123
69 126
70 106
71 83
71 96
73 92
73 127
74 111
74 102
75 122
76 96
76 111
77 118
77 109
77 86
78 122
79 89
79 93
80 102
81 120
81 113
81 106
82 95
83 115
84 125
84 97
85 119
86 95
87 117
87 90
88 90
88 123
88 126
89 91
91 114
92 114
93 110
93 119
95 125
96 111
98 106
99 102
99 105
100 126
100 121
101 112
101 110
103 105
104 127
104 108
106 113
106 115
108 127
108 124
108 117
109 118
110 119
112 114
113 116
113 115
117 124
118 124
