128 289 10.8614
2.1765 7.40148
3.44975 0.974367
8.86615 8.02695
1.85751 2.37989
10.5369 8.44972
9.53709 2.42094
7.37529 3.78096
0.182213 4.23237
9.14467 4.35677
3.43766 9.58065
4.12417 5.92801
6.65818 10.0331
0.775292 0.917063
5.88769 10.4234
1.59654 8.01944
9.8183 0.750948
2.95879 4.63485
0.100201 6.15853
7.66142 7.66646
4.31338 3.3296
2.61989 0.79275
3.45148 3.13598
5.06228 10.7215
4.08243 6.78948
9.67523 8.33517
0.152479 0.0214736
0.331677 3.37498
4.25618 9.25602
4.45313 8.38013
6.59223 6.31241
0.820123 9.93662
2.27251 1.61555
10.4972 7.58653
2.66645 2.70547
10.2602 6.71097
3.37165 0.0994946
2.96478 7.02217
2.13745 0.0369622
1.34126 7.14483
5.30428 8.70866
7.29741 4.66772
9.00977 8.96594
3.52445 8.70061
6.79539 8.30011
10.1318 5.78893
5.63664 4.58838
4.03822 2.45345
5.07983 1.7003
8.67372 2.64068
4.14916 1.52187
7.54717 6.64078
7.28683 1.06792
1.69893 0.87113
10.7226 0.895608
10.0597 10.721
5.78313 5.83869
1.05095 3.97218
5.82391 6.85383
2.78382 10.2121
0.397919 7.02926
2.74438 3.73154
6.44563 5.12061
1.96543 4.32704
1.23182 1.72335
4.97683 2.66626
10.7269 9.99116
10.297 3.69732
0.990978 2.69337
3.69256 4.043
0.241396 1.80269
9.36492 3.33592
5.33269 0.757663
10.0297 4.66378
2.73192 8.1301
9.54906 7.39184
6.4998 4.11894
4.94604 6.37738
1.78814 9.98729
3.81805 5.04563
10.0863 1.66296
0.346842 9.09539
6.14411 9.22983
8.22678 0.736026
3.21361 1.88728
9.33849 6.3855
4.70819 4.21234
1.81649 3.31566
7.31045 5.65695
9.08018 0.141615
9.24496 5.33443
8.06765 8.54548
2.14624 6.45775
10.0247 9.24535
9.07132 1.37666
8.22529 9.59969
5.92142 2.25353
6.97647 2.04358
6.76164 7.28785
9.23601 9.95598
1.13847 0.0135855
5.86557 7.8843
7.21192 9.22737
0.0817493 5.18588
7.68333 2.85961
6.61601 3.0753
1.41208 8.98741
8.29164 4.84387
6.2682 1.2219
4.30369 0.512253
0.605561 8.05429
3.152 6.02415
3.71268 7.7044
4.8471 7.44771
10.4858 2.66137
1.16547 5.0161
1.09839 6.14212
8.05312 1.80494
8.36905 3.73205
4.8795 5.29298
8.34674 5.96438
2.51985 9.18449
5.16585 9.72362
6.68367 0.177335
8.50104 7.10064
4.15082 10.2704
5.5846 3.53947
2.24629 5.35652
7.75014 10.6056
0 91
0 38
0 36
0 14
0 73
1 35
1 20
1 108
1 83
1 49
2 123
2 74
2 24
2 90
3 63
3 31
3 67
3 86
3 33
4 32
4 24
4 92
4 80
5 79
5 70
5 48
5 113
6 103
6 75
6 40
7 26
7 66
7 56
7 102
8 117
8 72
8 106
9 120
9 42
9 27
9 58
9 124
10 110
10 78
10 118
10 23
10 76
11 101
11 81
11 13
11 122
12 53
12 99
12 63
13 121
13 22
13 122
14 109
14 105
15 54
15 88
15 53
15 93
15 79
16 60
16 68
16 126
16 78
17 44
17 102
17 34
17 115
17 59
18 123
18 97
18 90
19 21
19 46
19 64
19 85
19 68
20 52
20 37
20 31
21 33
21 46
21 60
21 68
22 124
22 121
22 108
22 71
23 76
23 111
23 112
24 74
24 41
24 92
25 65
25 53
25 99
26 113
26 67
26 66
26 56
27 28
27 42
27 124
27 121
28 111
28 112
28 39
29 55
29 87
29 57
29 97
30 80
30 65
30 77
30 99
31 52
31 83
32 34
32 59
32 74
33 83
34 44
34 84
35 58
35 124
35 108
36 110
36 91
36 111
37 77
37 58
37 99
37 52
38 115
38 59
39 100
39 81
39 121
40 75
40 61
40 106
40 87
41 94
41 98
42 73
42 111
43 100
43 97
43 101
44 89
44 102
44 84
45 125
45 85
45 75
45 118
45 61
46 83
46 49
46 64
47 71
47 49
47 95
47 64
48 116
48 103
48 70
49 108
49 83
50 119
50 87
50 123
50 97
51 82
51 107
51 96
52 99
52 63
53 79
53 69
54 65
54 88
55 118
55 61
55 76
56 86
56 62
56 114
57 76
57 100
57 97
58 120
59 109
60 86
60 62
60 68
61 75
61 87
62 86
62 114
62 126
63 69
63 67
64 95
64 125
65 92
65 80
66 70
66 113
66 72
67 86
68 85
68 78
69 79
69 113
70 117
71 108
71 107
72 89
72 102
73 111
73 120
74 123
74 84
75 125
75 104
76 118
76 112
77 105
77 120
78 118
79 93
79 113
80 109
80 105
81 101
81 121
82 127
82 88
82 116
82 93
84 119
84 89
84 123
85 125
85 118
87 119
88 98
89 119
89 106
90 94
91 126
91 110
91 115
92 98
93 116
94 101
94 127
94 98
95 107
95 96
95 104
96 107
96 116
96 104
96 103
97 100
100 112
102 114
103 116
103 104
103 117
104 125
105 120
106 117
106 119
107 122
108 124
110 126
114 126
114 115
119 123
121 124
122 127
