253 572 15.3364
7.18341 5.51039
3.15684 14.4257
1.33895 14.6914
1.99161 6.35118
6.20805 14.5802
10.8124 9.67438
4.09158 11.2477
3.14128 2.81309
7.96314 1.46301
13.3781 11.9089
6.81898 4.75478
14.9085 5.30995
5.54455 2.18752
11.7974 4.04061
10.141 6.36315
14.9906 14.0767
2.16127 11.0589
7.2117 9.23444
6.11651 0.787645
7.23081 2.89507
8.22455 7.91045
6.24838 6.52304
2.02195 7.19857
5.60732 10.3409
14.9543 6.16056
13.1992 7.09072
11.9722 7.47045
9.96558 15.1057
14.1571 5.72083
4.45159 4.70076
14.5568 8.4091
15.058 3.97598
2.90505 4.41611
2.57342 11.8201
9.00967 3.61569
9.94826 2.78245
14.1377 1.5287
8.54283 0.839615
8.11115 10.0696
3.1579 1.12926
1.66863 3.81647
1.51155 1.96701
6.42841 10.6279
9.74421 1.93132
4.01018 14.4484
1.79985 9.11192
5.56197 14.0043
5.60842 7.1247
5.25093 5.16911
7.97654 5.18982
8.75604 11.7976
13.5905 0.0242807
7.59285 4.38589
4.84343 0.338166
2.04947 4.62789
9.43987 14.3814
13.5095 9.85089
11.6505 5.96288
5.59389 8.92464
2.79782 12.7339
7.75403 10.8918
4.40106 6.57989
12.9296 14.7585
10.1403 8.17637
5.84393 3.44257
2.26027 1.05624
5.57258 8.02178
5.08358 2.93523
1.1184 6.42738
8.05913 6.09602
14.4844 9.44259
0.625218 11.5881
4.86163 10.8268
14.1881 2.49748
0.227975 4.71758
13.3086 6.1083
1.13901 4.55464
0.78741 13.5894
12.5793 3.61892
12.3908 14.0183
9.4729 4.61855
0.637114 1.71614
6.64553 0.0669706
1.66971 13.8733
9.2598 7.33444
1.02244 8.62365
10.1963 7.25309
10.5346 1.47035
11.7668 3.14275
6.4678 8.60278
11.0658 15.0255
8.87357 5.34696
8.38611 6.97515
1.13897 7.36498
6.28006 1.67218
7.20519 10.1401
12.0052 14.8856
1.31955 1.06289
9.42424 12.4366
0.467726 14.4714
14.7983 7.52587
10.7654 5.70363
9.03201 2.69275
5.70211 15.3214
3.96188 0.0395539
10.9758 3.6804
13.3276 13.909
14.1291 12.4169
13.3064 12.9372
13.3936 4.11643
2.80426 6.73565
7.16027 6.41176
13.3025 1.93132
10.3739 12.2375
3.84549 9.24504
8.83488 1.72621
12.6189 9.0239
2.27505 14.6141
11.8433 8.3893
3.76956 4.06818
7.4009 8.33403
9.82039 5.50799
11.4414 14.089
8.53383 4.42287
10.5391 0.501893
12.5088 5.5847
6.34779 2.63852
13.3988 0.951234
8.23985 14.5229
4.43178 5.62913
7.4857 7.34377
15.2547 13.1767
4.29504 12.7976
2.79724 7.72038
14.3329 0.604822
12.5332 4.59272
4.61911 2.09572
2.62001 13.6756
0.34561 7.93032
2.58181 3.54524
10.9135 8.75052
12.6092 0.330774
14.1643 11.4266
3.5598 6.11592
11.6947 9.38263
4.64668 13.7357
5.72409 11.2741
10.891 2.68788
3.68057 7.21836
4.92198 14.7173
11.9325 13.1606
3.63162 13.5661
1.82989 2.87183
13.8453 7.77779
8.78646 13.677
0.831578 2.66997
12.4108 2.39356
14.3026 10.4093
0.97634 10.6736
13.4119 5.12502
11.0597 7.74126
12.467 1.35297
1.87126 8.1368
3.66461 8.25083
11.0253 6.70266
7.79752 11.8645
15.0057 1.93724
13.3019 2.94315
3.60306 1.9911
4.97741 3.90846
9.77349 13.3769
3.57251 5.08579
12.3827 6.60323
9.02877 9.78839
0.454182 5.68791
14.3033 4.57397
8.41287 12.7116
0.647716 3.69678
1.82601 12.8893
0.245681 6.89146
15.1273 11.0687
1.80884 0.180546
0.752972 0.102536
11.4461 10.3881
15.2875 10.0318
8.05686 2.40037
0.931549 9.61783
12.5101 12.2908
14.204 3.50429
8.74822 10.8146
14.1391 14.5367
6.47709 7.58832
11.5554 4.97427
9.96924 3.75242
15.1193 12.1419
4.69993 7.52443
4.65894 8.60204
9.17116 6.32228
2.73157 8.76946
5.91235 4.43733
1.59366 11.8402
2.63059 5.6095
7.82936 0.150856
13.224 10.9494
10.4194 14.2343
10.4958 4.70671
15.0366 15.1561
0.786636 12.5812
4.91006 9.65978
6.79698 3.77677
12.8069 7.99576
4.08023 3.06558
15.1565 2.994
14.2426 13.4446
4.15434 1.06531
11.5014 1.81733
11.4232 12.2166
5.25573 1.25254
5.32112 6.1764
4.00095 10.2798
1.90074 10.1138
2.97931 9.84471
0.0490481 8.95196
1.52836 5.49505
3.14264 10.9954
7.18746 14.5427
7.72021 13.5616
3.54412 12.0515
7.06052 12.6583
10.0782 10.3324
8.02491 3.48626
10.8196 11.2779
8.9806 15.2811
6.30427 9.6313
13.6527 8.84002
2.51937 2.04388
6.2067 5.5195
12.1416 11.2462
4.84553 11.888
14.1313 6.7261
11.5908 0.689585
12.5126 10.0874
0.0118623 0.900955
6.50615 13.6351
2.91248 0.13896
6.75235 11.5791
8.19593 9.0556
10.8504 13.1928
9.69527 11.4097
9.5571 0.93107
7.09342 1.00591
9.93879 9.19326
9.12224 8.3733
0 236
0 10
0 49
0 111
1 137
1 117
1 44
2 83
2 99
2 182
2 181
3 223
3 68
3 110
3 22
4 46
4 243
4 103
4 225
5 251
5 144
5 140
5 229
5 183
6 219
6 224
6 72
6 227
6 238
7 235
7 168
7 211
7 139
8 250
8 37
8 115
8 185
9 203
9 142
9 187
9 107
10 209
10 199
10 52
10 236
11 175
11 74
11 28
11 24
12 136
12 217
12 94
12 67
12 126
13 88
13 105
13 135
13 78
13 192
14 121
14 101
14 197
14 164
14 86
15 213
15 190
15 99
16 220
16 224
16 200
16 33
17 246
17 120
17 233
17 95
18 103
18 82
18 250
18 217
18 94
19 126
19 230
19 185
19 209
20 130
20 120
20 252
21 218
21 111
21 47
22 110
22 93
22 162
22 133
23 208
23 233
23 146
23 72
23 42
24 174
24 239
24 179
25 172
25 239
25 210
25 153
26 172
26 160
26 210
26 118
27 232
27 204
27 124
28 159
28 239
29 119
29 169
29 171
29 129
30 153
30 100
30 234
30 222
31 212
31 188
31 175
31 177
31 74
32 54
32 139
32 119
32 171
33 224
33 200
33 227
34 230
34 102
34 123
34 193
35 43
35 102
35 147
35 193
36 127
36 134
36 112
36 166
37 232
37 202
37 249
37 115
38 246
38 95
38 173
38 60
38 189
39 65
39 244
39 214
39 168
40 152
40 76
40 54
40 139
41 97
41 81
41 235
41 152
42 233
42 95
42 146
42 245
43 249
43 115
43 87
44 151
44 145
44 149
44 104
45 85
45 198
45 220
46 145
46 243
46 149
47 218
47 195
47 66
47 191
48 199
48 129
48 236
48 218
49 52
49 123
49 91
49 69
50 189
50 248
50 165
50 176
50 98
51 62
51 190
51 127
51 134
52 230
52 209
52 123
53 149
53 103
53 214
53 104
53 217
54 76
54 223
55 154
55 232
55 204
56 234
56 241
56 157
57 192
57 101
57 125
57 164
57 172
58 66
58 196
58 89
58 208
58 233
59 178
59 227
59 137
60 95
60 189
60 165
61 129
61 143
61 218
61 195
61 148
62 79
62 106
62 96
62 141
63 86
63 252
63 251
63 140
64 67
64 126
64 169
64 209
64 199
65 181
65 97
65 235
66 195
66 191
67 136
67 211
67 169
68 174
68 223
68 179
68 93
69 111
69 92
70 234
70 222
70 184
70 157
71 180
71 158
71 194
71 207
71 200
72 219
72 146
73 166
73 167
73 188
74 76
74 174
75 125
75 159
75 239
76 177
76 223
77 207
77 131
77 83
77 99
78 88
78 167
78 135
78 109
79 122
79 150
79 106
79 96
80 123
80 193
80 91
80 121
81 242
81 97
81 166
81 155
82 103
82 225
82 250
83 178
83 137
83 117
84 197
84 92
84 86
84 252
85 138
85 162
85 222
85 186
86 164
86 160
87 124
87 215
88 147
88 156
88 105
89 191
89 120
89 233
90 204
90 96
90 124
91 121
91 197
92 197
92 130
93 179
93 138
94 250
94 126
95 233
96 122
96 141
97 181
98 248
98 113
98 170
99 206
99 182
100 239
100 179
100 153
100 138
101 205
101 121
102 185
103 149
104 244
104 214
105 147
105 193
106 108
106 213
106 190
107 142
107 108
107 194
107 213
108 187
109 188
109 135
109 175
109 159
110 143
110 133
110 148
111 130
112 127
112 156
112 167
113 248
113 231
113 216
113 247
114 163
114 196
114 221
114 219
115 249
115 185
116 210
116 144
116 234
116 241
117 137
117 181
117 244
118 160
118 210
118 144
118 140
119 211
120 130
120 246
121 205
121 197
122 247
122 204
123 230
124 249
124 240
125 135
125 159
125 172
127 141
127 134
127 161
128 154
128 225
128 232
128 202
129 171
129 143
129 218
130 191
131 194
131 207
131 213
132 227
132 238
132 151
132 145
133 162
133 163
133 148
133 198
134 206
134 242
135 192
135 159
136 168
136 217
137 151
138 179
138 222
139 152
140 160
140 251
140 144
141 240
141 161
142 157
142 203
142 180
143 201
143 171
144 183
144 241
145 151
145 149
146 245
146 238
147 215
148 163
150 216
150 187
150 247
152 235
152 155
153 239
153 210
153 234
154 176
154 226
154 170
155 212
155 177
156 215
156 161
156 167
157 184
157 180
158 186
158 220
159 175
160 164
161 240
161 215
162 198
163 198
163 196
165 245
165 228
165 176
166 242
166 212
167 188
168 214
168 235
169 199
170 247
170 204
171 201
173 246
173 251
173 189
174 223
175 188
176 226
177 212
178 207
178 200
180 184
180 194
181 182
181 244
182 206
182 242
183 241
183 231
183 237
184 222
184 186
185 230
186 220
187 237
187 216
188 212
189 248
190 213
190 206
192 205
193 205
194 207
195 196
196 208
198 221
199 236
200 207
201 223
202 250
203 241
203 237
204 247
206 242
208 219
214 217
215 240
216 231
216 247
218 236
219 221
219 224
220 221
224 227
225 243
225 226
226 228
228 245
228 243
229 251
229 248
231 248
232 249
246 252
251 252
