255 572 15.316
0.499676 9.98274
15.2728 7.81354
6.8125 7.78872
7.93207 1.84928
13.0185 11.928
10.9437 0.368941
14.6874 0.374215
12.7678 9.38042
13.6597 2.6953
12.5482 10.5835
4.60986 11.15
3.72191 6.87566
12.1047 3.01265
14.0696 12.7631
1.28054 10.2905
2.18711 1.94692
2.55695 14.8485
1.31623 13.3603
8.14587 4.67071
11.9171 0.667609
7.36135 9.49264
2.82234 9.35734
6.01605 8.06907
8.588 13.0113
6.39763 4.6266
6.91064 6.24177
10.8169 14.8355
0.270633 3.97761
8.71343 2.18108
12.8116 2.39503
3.68241 6.0243
4.69156 9.29384
7.26026 10.3437
5.58678 5.20927
2.23298 12.037
4.5133 3.55476
3.49262 7.69516
12.3325 11.4154
14.4288 6.3589
7.41328 3.35163
0.900966 2.59218
9.37076 10.4964
12.8948 13.8519
4.74365 1.6813
8.08791 2.7874
3.0804 12.2698
5.46172 2.19586
7.25568 1.17611
8.91374 4.27132
13.3411 14.6179
0.899283 5.45556
9.05344 1.37066
13.2542 11.0944
14.1039 10.7982
7.94091 6.27791
11.6338 15.1569
13.5032 4.908
1.38868 12.4848
6.4302 5.50098
8.24587 3.6723
2.89379 2.47847
7.36754 0.282231
2.80918 3.47129
10.8901 7.52624
3.72004 4.02342
6.46048 10.7417
8.84238 6.24467
6.24751 2.62309
8.61783 10.9684
3.25967 13.1431
2.04147 9.81404
5.78785 13.2799
0.816449 7.43975
12.6609 7.45452
4.04149 0.152189
2.60925 7.53711
13.2514 0.785799
10.1121 0.0735006
3.83365 2.07187
2.80892 5.47825
1.91269 4.87424
4.69846 5.3937
14.3157 3.28847
12.8054 4.31361
0.851795 15.0793
0.0372855 6.92853
1.97023 3.93954
12.2468 12.3678
4.5301 4.46732
6.52175 9.81451
13.8483 0.0719308
2.0539 10.7419
12.0144 9.86494
5.58112 1.28263
11.2063 1.22419
11.6074 4.95764
13.6989 4.00522
6.46169 14.8975
14.4955 2.35427
13.4669 6.96013
0.1173 4.87698
5.78211 12.3399
6.61196 12.8188
11.833 8.92551
10.2777 13.1653
5.5604 15.2417
0.135536 0.855554
5.6608 10.2412
6.38562 6.99739
3.91767 13.8158
1.0851 0.68556
2.88913 10.2675
14.2699 14.5292
4.39817 7.48348
11.635 5.92767
10.2235 14.135
11.2045 3.14084
12.1148 14.353
4.1625 12.8697
14.9208 12.4335
3.84518 11.7315
2.04087 8.86693
1.77557 15.3082
1.02347 4.52143
4.87127 0.624753
13.5751 8.94083
2.92879 8.4398
9.63623 2.10466
11.6198 6.91963
10.6214 2.00188
4.61938 2.61992
9.87619 4.87621
2.77841 13.9589
13.5767 7.93904
4.87299 13.5649
4.67187 10.2287
6.46774 1.69536
1.18121 9.36782
3.46987 14.6941
11.6067 10.7576
13.8143 13.6559
1.62886 7.96737
14.9598 11.4153
11.2124 12.8325
5.4527 3.1747
3.9867 1.11158
11.0794 9.55093
12.0986 13.3368
14.3119 9.61963
5.6315 14.2449
1.08389 3.52002
9.19761 0.428096
9.02937 9.61584
7.38516 7.05879
14.9801 10.3922
11.7803 7.92426
3.78031 10.7253
8.18859 0.955172
7.19653 2.41785
7.28775 4.30187
0.442859 13.0078
10.2312 10.1044
8.18499 9.04403
12.9759 3.33715
1.81854 6.96759
1.43705 11.511
9.77687 3.86336
3.6911 3.04794
10.4186 12.1658
0.509962 11.9763
10.2181 2.93455
15.2023 14.8959
12.6916 8.43626
15.2684 9.21984
8.28843 15.2429
9.45029 12.5822
10.7314 5.45399
14.6679 4.22189
3.02704 1.5006
9.76799 5.89702
0.563669 10.9249
5.39571 7.24867
11.2075 13.8776
10.9082 8.51657
9.04966 3.09118
9.33527 13.6297
7.50972 12.3561
7.43881 14.6083
8.43377 14.1989
3.7257 5.06145
13.3863 10.1139
4.80974 12.0843
1.25522 1.69067
0.920097 6.4434
8.90814 5.25649
14.4257 5.2612
13.5468 1.74625
2.83044 4.46843
14.5428 1.3285
9.37211 14.7096
5.06477 8.27053
9.55017 6.94622
13.109 12.8869
2.89446 11.3046
0.688072 8.44044
11.4227 11.7967
5.50557 4.22915
12.6226 15.3054
13.9747 11.7928
14.428 7.34303
3.75512 9.66524
10.5998 11.095
6.72973 8.74931
11.8573 3.95536
10.6358 6.54594
12.493 1.45732
2.08289 0.980056
11.649 2.15965
14.5088 8.44795
6.62047 11.7406
8.89076 8.23239
0.172395 1.90233
15.3072 5.89975
1.86562 5.88971
7.74814 8.0668
9.97169 7.95084
2.24582 13.0355
12.578 5.31987
13.5375 5.9162
12.5562 6.44087
5.70906 6.20097
0.630102 14.0758
15.3089 3.01711
8.46068 7.19251
8.53246 11.9905
1.75184 14.2507
9.95296 9.0647
6.39803 0.62536
6.6308 13.8653
1.95839 2.90119
2.80482 6.51614
3.04384 0.398986
5.58996 11.295
7.67082 13.4285
10.0437 1.1077
7.64194 11.2669
5.69295 9.18424
4.60726 6.4352
7.44722 5.3848
9.55013 11.4882
14.8869 13.66
6.44032 3.62369
3.99167 8.56822
10.7846 4.29597
4.61747 14.6167
0 173
0 137
0 154
0 14
0 180
1 85
1 209
1 204
2 108
2 153
2 22
2 224
2 212
3 157
3 28
3 158
4 37
4 52
4 87
4 208
4 202
5 55
5 77
5 94
6 171
6 90
6 106
6 198
7 172
7 125
7 92
7 190
8 196
8 98
8 163
8 82
9 92
9 190
9 37
9 52
10 135
10 156
10 242
10 191
11 240
11 247
11 30
11 36
11 113
12 217
12 116
12 163
12 213
13 208
13 202
13 119
13 140
14 137
14 180
14 91
15 216
15 192
15 178
15 239
16 132
16 122
16 138
16 241
17 57
17 231
17 160
17 226
17 235
18 159
18 48
18 248
18 194
19 55
19 207
19 94
19 215
20 212
20 162
20 89
20 32
21 121
21 126
21 111
21 210
22 200
22 212
23 175
23 243
23 185
24 206
24 251
24 159
24 58
25 58
25 248
25 108
25 153
26 115
26 55
26 77
27 232
27 150
27 177
27 123
27 100
28 51
28 127
28 44
28 184
29 215
29 196
29 163
30 189
30 240
30 247
31 252
31 246
31 135
32 89
32 65
32 245
33 206
33 81
33 58
33 230
34 165
34 203
34 45
34 226
35 167
35 130
35 88
36 75
36 113
36 126
36 252
37 205
38 228
38 222
38 209
39 158
39 44
39 251
39 159
39 59
40 221
40 192
40 232
40 150
41 152
41 161
41 68
41 249
42 202
42 147
42 140
42 117
42 49
43 145
43 46
43 130
44 158
44 59
45 203
45 120
45 69
46 93
46 130
46 67
47 237
47 157
47 61
47 136
48 59
48 166
48 194
49 207
49 112
49 90
50 123
50 222
50 193
51 157
51 151
51 244
51 127
52 190
52 53
52 208
53 190
53 154
53 208
54 248
54 153
54 66
55 207
55 117
56 83
56 96
56 227
56 195
56 228
57 165
57 226
58 248
58 230
59 184
60 178
60 239
60 167
61 187
61 174
61 237
62 239
62 167
62 197
63 214
63 128
63 225
63 155
63 183
64 167
64 197
64 88
65 107
65 89
65 242
65 219
66 194
66 201
66 179
66 233
67 136
67 144
67 158
67 251
68 245
68 234
69 118
69 226
69 132
69 109
70 137
70 121
70 91
71 101
71 102
71 134
71 238
71 149
72 193
72 85
72 141
72 204
73 229
73 99
73 172
74 138
74 254
74 241
74 145
74 124
75 164
75 240
75 126
76 207
76 90
76 215
76 196
77 199
77 151
77 244
78 145
78 178
78 167
78 130
79 197
79 223
79 189
79 240
80 123
80 86
80 197
80 223
81 88
81 247
82 98
82 232
82 96
82 177
83 163
83 213
83 96
83 227
84 231
84 171
84 122
84 110
85 222
85 193
85 209
86 150
86 239
86 197
87 205
87 202
87 147
88 206
88 189
89 246
89 107
90 112
91 111
91 165
91 203
92 103
92 146
92 139
93 124
93 237
93 136
94 217
94 129
95 253
95 213
95 176
95 227
95 114
96 163
96 177
97 238
97 105
97 187
97 237
98 198
98 232
99 229
99 228
99 133
99 209
100 177
100 123
100 222
101 219
101 191
101 102
102 186
102 238
103 155
103 183
103 172
103 146
104 175
104 168
104 143
104 115
105 149
105 124
106 110
106 198
106 221
107 246
107 135
107 242
108 230
108 153
108 181
109 118
109 134
109 138
109 254
110 122
110 216
110 192
111 203
111 156
112 140
112 250
112 171
113 247
113 181
113 200
114 176
114 128
114 229
115 185
115 182
115 199
116 170
116 213
117 182
118 191
118 134
119 169
119 160
120 203
120 156
120 191
121 141
121 137
121 126
122 235
122 216
123 150
124 145
125 133
125 172
125 218
125 148
126 252
127 244
127 129
127 170
128 214
128 229
128 155
129 244
129 217
129 170
130 167
130 144
131 166
131 253
131 194
131 176
131 179
132 226
132 235
132 138
133 209
133 172
133 218
134 254
134 149
135 156
136 237
136 158
137 204
139 211
139 205
140 202
140 250
141 164
141 204
142 154
142 180
142 208
142 169
143 168
143 205
143 182
143 147
144 206
144 251
145 178
146 183
146 161
147 182
148 173
148 190
148 154
149 238
149 254
150 239
151 199
151 174
151 244
152 162
152 236
153 224
153 233
154 180
155 183
155 172
156 210
156 203
157 174
159 251
159 248
160 169
160 250
160 231
161 236
161 211
162 224
162 220
164 223
164 193
164 240
165 180
165 169
166 184
166 170
166 253
168 249
168 175
168 205
169 180
173 218
173 204
174 187
174 188
175 249
175 234
175 185
176 179
177 195
178 216
178 241
179 194
179 201
179 214
181 230
181 200
183 225
183 236
185 199
185 188
186 219
186 245
186 234
186 243
187 238
187 188
188 243
188 199
189 197
191 242
192 216
192 221
193 223
193 222
195 228
195 222
196 215
196 198
198 221
200 252
200 246
201 233
201 225
205 211
206 251
209 218
210 252
211 249
212 246
213 253
215 217
216 241
219 242
219 245
220 233
220 225
221 232
223 240
224 233
225 236
227 229
227 228
228 229
230 247
231 250
231 235
234 245
234 249
238 243
