253 569 15.3388
10.9832 4.85528
7.46351 0.88339
7.09309 9.28947
7.51131 8.31272
0.1037 15.076
14.9229 14.4327
12.7333 12.9866
9.60169 2.41036
2.16076 7.02789
4.29585 14.8403
0.873695 6.52496
10.92 11.2833
10.7441 0.0643652
5.46502 6.23338
14.768 5.35894
9.77679 7.16405
0.3348 4.98672
8.12081 0.352207
0.870189 1.2659
2.43869 2.9022
2.77201 8.12534
8.42152 2.85967
8.56475 9.89741
7.207 14.4067
2.64031 9.68468
9.28167 10.3747
10.0826 6.32863
0.46024 10.3914
2.74326 14.3936
14.8628 3.44698
10.304 11.8838
0.489159 11.2585
8.25105 1.20708
1.01328 11.9526
1.20915 3.54778
10.132 14.7997
13.6951 6.83282
14.1181 2.8084
1.4482 12.7171
4.84693 7.98674
4.07697 13.3017
3.96489 3.42577
3.45334 1.76815
0.714898 14.4755
11.2413 10.4763
6.68034 8.53752
11.3386 4.06711
12.3962 14.7282
0.736292 9.55434
6.84658 7.65914
3.64927 8.17149
13.5775 9.38417
5.15151 11.235
11.1051 13.4684
4.59778 6.36567
11.8633 12.977
0.381329 3.20827
2.67809 6.32186
9.81485 9.67086
10.7273 6.94083
4.35633 8.73641
2.08526 3.71793
9.21035 6.49046
6.84099 2.55674
4.61334 14.0211
3.84369 11.3685
14.0388 3.7886
8.95508 0.648177
14.2293 12.3977
1.71497 0.860765
0.0490067 6.86486
1.83865 11.6096
5.27468 8.77877
1.57909 2.7389
4.84239 9.58074
8.59564 11.8945
11.7192 0.913535
12.7617 5.12383
14.4441 9.08647
13.2973 7.642
11.8116 11.2675
3.15206 8.94229
0.520383 4.11852
8.78339 7.30747
3.29856 2.6644
12.3658 7.58036
7.44239 4.33199
10.3974 7.81087
6.55794 0.654878
1.04679 7.39729
11.8738 4.81521
13.9973 8.26763
13.1962 10.2302
3.63059 0.870353
9.90041 0.383866
11.6976 9.48913
4.232 2.5401
12.65 9.44732
7.56357 3.14819
14.1488 10.2201
2.55894 2.00192
8.49659 12.8896
0.122142 13.7304
6.08193 11.1712
6.49763 13.8486
2.62372 4.49122
14.6196 13.2597
6.56614 10.3332
0.227869 0.61729
1.61258 1.79726
1.09588 5.48903
14.334 1.8171
10.4383 2.05973
3.88986 9.55472
5.53233 13.8341
1.7343 6.23106
11.9289 13.9177
5.56138 12.0778
7.04211 13.0462
13.0808 8.57809
11.6454 6.6896
5.21057 14.7646
12.2702 12.1184
11.6537 15.2987
10.7543 9.66873
5.18554 7.11149
4.5725 11.9872
1.87241 7.89287
2.6648 1.02605
7.26863 15.3303
12.0483 5.77651
0.0573823 8.89561
5.72652 3.94891
13.6386 13.1556
8.42445 8.2117
7.99866 9.12818
3.63931 6.33346
2.0683 5.30161
3.03913 3.60165
5.63364 0.329531
15.0549 9.83157
10.2853 3.0386
3.06314 7.23194
15.03 2.53427
5.17774 2.26042
8.77476 1.99224
3.66123 14.1639
8.25827 4.88687
6.86723 1.59097
1.09583 13.6035
0.184998 5.90495
13.1787 4.23922
2.29555 0.079943
13.2484 3.21199
13.3261 14.9521
13.9697 4.86852
13.272 12.2162
2.09715 13.4714
15.3081 1.56515
6.03959 12.9656
6.70741 3.65018
10.3788 12.837
9.43765 8.05201
14.5834 0.83689
8.88136 13.9451
1.32399 10.7861
5.94474 2.94411
1.44776 4.48157
11.3807 7.67535
12.2014 10.3494
9.08506 5.52235
7.41177 5.48358
10.0859 5.18438
14.3397 15.1685
2.15697 8.86233
7.7897 7.40395
12.9461 13.9196
9.41072 12.4566
0.711338 2.28233
7.20691 6.52586
7.74754 2.15105
1.6835 9.80391
12.5214 1.51455
7.69011 12.2658
13.3755 2.16765
14.9434 10.8567
3.11372 13.2923
8.11439 14.7252
5.52439 10.3174
7.852 13.6808
3.59031 12.3314
14.502 7.39272
14.9021 4.40788
10.9574 8.65546
8.31911 3.8296
11.0475 14.4585
4.93399 3.2786
15.1028 11.9173
9.27798 3.32031
6.20276 6.90124
12.0405 8.53417
12.3821 2.58999
4.98667 12.9464
4.75292 4.35022
9.04754 9.04676
11.2349 12.2005
4.41837 1.52985
0.142849 7.8653
3.66341 4.4406
1.09394 0.0622932
0.451372 12.7597
10.2477 10.5797
14.5375 6.3058
9.95325 13.8227
6.32114 14.8668
9.64541 1.3871
14.0092 14.1332
7.36022 11.2213
9.16394 14.9922
2.83238 11.4106
8.23871 6.19641
10.7054 1.04592
8.42949 10.8834
3.12525 5.40889
3.29784 10.4148
4.57548 0.436781
12.7018 6.61501
12.6125 0.414452
11.3497 3.05174
5.40308 5.24417
6.61966 12.0626
7.59765 10.1258
9.45763 11.3562
13.5293 1.07358
13.9828 11.3949
12.2717 3.6932
6.37025 5.82179
4.13505 7.27831
6.11084 9.3791
10.3342 4.11054
2.42473 12.4459
12.8543 11.2208
6.4729 4.70945
5.86156 7.94445
13.5136 5.83939
5.80401 1.38871
1.73601 14.4878
3.36082 15.1993
4.2679 5.3923
11.4851 1.92068
10.9726 5.85086
4.42337 10.5189
9.25116 4.44203
0 239
0 46
0 250
0 90
1 129
1 17
1 148
1 32
2 238
2 45
2 135
2 231
3 175
3 134
3 45
4 5
4 43
4 108
5 216
5 102
5 173
6 55
6 156
6 133
7 145
7 112
7 198
7 141
8 115
8 57
8 127
8 142
9 64
9 247
9 146
9 121
9 225
10 150
10 115
10 89
11 211
11 44
11 80
11 30
11 205
12 35
12 123
12 94
12 221
13 229
13 236
13 54
13 125
14 192
14 155
14 212
14 150
15 62
15 162
15 87
16 192
16 82
16 110
16 150
17 187
17 129
17 67
17 32
18 108
18 158
18 109
19 100
19 73
19 84
19 138
20 127
20 142
20 50
20 174
20 81
21 145
21 98
21 198
21 194
22 204
22 231
22 25
22 222
23 104
23 189
23 187
23 129
24 174
24 81
24 181
24 224
25 211
25 58
25 222
25 232
26 250
26 62
26 59
27 140
27 48
27 185
27 31
27 165
28 246
28 247
28 146
29 143
29 56
29 66
29 192
30 232
30 161
30 205
31 185
31 165
31 197
31 33
32 67
32 145
33 71
33 210
33 38
34 56
34 73
34 82
34 167
34 61
35 213
35 218
35 195
36 244
36 212
36 79
36 191
37 184
37 153
37 143
38 210
38 240
38 149
39 237
39 243
39 125
39 60
39 72
40 202
40 186
40 64
40 146
41 96
41 196
41 138
42 93
42 100
42 206
42 84
43 149
43 246
43 209
44 211
44 124
44 169
45 243
45 49
45 238
46 228
46 239
46 235
46 90
47 176
47 116
47 123
47 154
48 131
48 181
49 199
49 243
49 175
50 237
50 81
50 60
51 119
51 78
51 97
51 92
52 251
52 188
52 103
52 126
52 117
53 161
53 55
53 116
53 195
54 248
54 136
54 237
54 125
55 205
55 122
55 116
56 178
56 143
56 82
57 223
57 115
57 136
58 204
58 211
58 124
59 120
59 87
59 168
60 72
60 113
61 138
61 105
62 170
62 220
62 83
63 148
63 180
63 166
63 98
64 114
64 146
64 121
65 251
65 219
65 190
65 126
66 153
66 151
67 218
67 215
68 234
68 156
68 197
68 133
68 106
69 209
69 152
69 128
69 109
70 212
70 150
70 207
71 165
71 219
71 240
72 243
72 238
72 74
73 178
73 109
74 251
74 113
74 188
75 222
75 232
75 183
75 177
76 123
76 221
76 227
76 249
76 182
77 151
77 130
77 90
77 244
78 91
78 131
78 140
79 85
79 119
79 91
80 169
80 241
80 122
81 174
81 113
82 192
82 167
83 175
83 162
83 134
84 96
84 138
85 226
85 168
85 200
86 242
86 194
86 147
87 162
87 168
87 193
88 129
88 139
88 245
88 148
89 207
89 127
90 130
91 191
91 119
92 169
92 97
92 99
92 241
93 247
93 128
93 225
93 206
94 218
94 221
94 215
95 200
95 124
95 169
95 97
96 206
96 144
96 196
97 119
97 169
98 180
98 160
98 194
99 140
99 185
100 128
100 109
101 183
101 177
101 189
102 210
102 106
102 149
103 188
103 107
103 230
104 159
104 114
104 118
104 214
105 138
105 208
105 137
105 223
106 133
107 238
107 231
108 163
108 209
108 158
109 178
110 137
110 150
110 115
111 163
111 184
111 158
111 143
112 221
112 215
112 249
112 141
113 224
114 202
114 159
114 121
115 137
116 176
116 195
117 126
117 202
117 230
117 159
118 159
118 183
118 189
119 200
120 250
120 130
120 226
120 168
121 139
122 241
122 205
122 156
123 195
123 227
124 193
124 211
125 199
125 237
125 243
126 190
126 202
127 174
128 152
129 214
129 187
130 250
130 226
131 207
131 140
132 196
132 166
132 203
132 242
132 160
133 156
133 176
133 216
134 175
134 162
134 135
134 204
135 204
135 231
136 223
136 237
137 167
137 223
138 208
139 214
139 225
139 245
140 185
141 198
141 228
141 239
142 237
143 158
144 206
144 245
144 196
144 166
145 180
145 215
146 186
146 247
147 252
147 194
147 171
147 170
148 245
148 180
149 210
149 157
149 246
150 212
151 153
151 235
151 155
152 246
152 247
153 184
153 201
153 235
154 216
154 173
154 227
155 192
155 244
156 241
156 234
157 240
157 186
157 246
158 163
158 178
159 202
159 230
160 166
160 242
161 177
161 205
161 213
162 204
163 173
163 233
164 189
164 213
164 218
165 181
166 196
168 193
169 241
170 252
170 172
170 220
171 236
171 220
171 179
172 239
172 250
173 216
174 181
175 179
176 216
177 232
179 236
179 199
179 220
182 227
182 233
182 249
182 184
182 201
183 217
183 230
184 233
184 201
185 234
185 197
186 240
186 190
187 189
187 218
188 238
188 251
191 212
191 207
193 200
194 198
194 252
196 203
197 210
198 252
199 236
199 243
201 249
201 235
203 208
203 229
206 225
208 223
208 248
209 246
211 232
212 244
215 221
217 231
217 222
217 230
219 224
219 240
222 231
222 232
223 248
224 251
226 244
227 233
228 249
228 235
229 248
229 236
234 241
236 242
239 252
