63 141 7.74273
0.838915 1.02066
5.836 1.30827
0.70264 1.84036
1.74629 7.48925
3.00959 2.7289
5.94714 6.31101
0.281551 4.28791
2.57529 6.13789
3.08836 4.67995
2.55677 0.305364
2.44018 5.27294
4.99952 2.91433
6.72847 6.69676
3.38418 6.55827
2.28453 2.24402
4.46823 3.82546
3.98311 4.60719
3.37535 7.65716
7.63212 3.48951
7.07379 2.74194
1.15009 4.53382
4.91465 4.63914
5.35997 2.06454
0.309079 2.65096
5.69893 0.42844
0.673919 6.71643
5.02232 7.49081
4.14259 7.09463
1.66614 0.654855
3.40948 0.868823
5.93916 2.84961
5.96161 7.23411
4.24004 0.33726
6.1241 4.64192
3.34295 1.86334
6.44534 1.99277
4.94241 1.05974
7.14554 4.63791
2.19889 3.21367
2.58256 7.08717
4.37095 1.9074
1.49548 5.47102
0.906907 3.56496
3.36511 5.59039
4.41493 5.50662
7.55257 6.18571
2.47197 1.28115
5.48799 5.46814
1.67898 6.52394
6.69777 0.231195
7.66454 0.722858
7.53939 7.27313
7.47691 1.79963
5.4856 3.79279
1.33854 2.57453
4.96877 6.44605
6.62746 5.58723
3.16807 3.69874
2.15869 4.29688
3.98516 2.91958
6.61373 3.68169
0.415468 5.27706
0.798843 0.0281868
0 50
0 62
0 28
0 2
1 36
1 24
1 35
1 22
2 52
2 54
2 23
3 48
3 39
3 62
3 28
4 14
4 34
4 38
4 57
4 59
5 55
5 47
5 56
5 31
5 12
6 18
6 42
6 37
6 20
6 61
7 10
7 43
7 48
7 39
8 57
8 58
8 16
8 10
8 43
9 39
9 17
9 46
10 58
10 41
10 43
11 22
11 59
11 53
11 30
12 45
12 31
12 51
13 43
13 39
13 27
14 46
14 54
14 38
15 59
15 53
15 21
15 16
16 21
17 39
17 27
17 29
17 32
18 60
18 19
18 23
19 35
19 52
19 60
20 42
20 58
20 61
20 41
21 53
21 44
21 47
22 40
22 30
23 52
23 54
24 26
24 31
24 36
24 49
25 45
25 51
25 48
25 62
26 55
26 27
26 31
26 32
27 55
27 32
28 62
28 46
29 46
29 32
29 34
30 35
30 53
30 60
31 49
32 36
33 53
33 60
33 37
33 47
33 56
34 46
34 40
35 52
36 40
37 60
37 56
38 54
38 57
38 58
39 48
40 59
41 61
41 48
42 54
43 44
44 55
44 47
45 56
45 61
45 51
47 55
49 51
49 50
50 62
50 52
51 62
53 60
57 59
