126 283 10.8551
6.15742 7.69618
8.4369 5.94812
3.51391 2.16817
6.78505 9.33443
10.3374 8.88293
6.95242 8.01618
1.74954 9.90038
3.50134 6.64858
2.50269 9.5181
1.6621 2.16723
10.1321 8.06263
0.666228 3.57479
3.33886 9.40466
8.08626 2.99219
1.86387 8.96111
9.28868 5.47938
3.47771 8.55694
8.37603 9.15168
0.130107 9.44594
7.64698 7.5052
4.69109 4.38822
3.63818 1.31931
4.2484 8.12835
5.16219 6.54456
0.0083313 1.25469
8.63955 0.205992
0.767339 2.70078
5.69029 4.77775
5.39913 0.792588
5.35832 2.8768
9.29512 0.833411
6.82794 7.14507
4.92291 5.25991
0.0449036 7.63589
5.32449 7.43624
3.35522 5.7895
5.32041 1.70319
0.92879 7.41644
1.85181 7.55769
10.1864 0.64463
10.7317 3.15249
0.818221 4.45728
7.97281 2.10497
1.00258 9.21075
7.62272 5.58529
6.05245 2.27199
2.59833 0.632341
8.49978 7.16655
1.25212 8.29253
9.33041 8.47944
4.54485 1.17814
9.19972 4.29909
0.31959 8.53888
6.24106 3.20964
6.58053 5.13981
9.91076 3.64013
6.58773 0.40989
0.793148 0.743428
2.56238 6.91005
9.3993 7.50998
10.7859 2.19309
6.4157 4.17541
6.24554 8.60056
9.90278 2.64991
10.347 10.1246
10.7673 4.12474
6.19583 1.31187
0.091102 0.0588713
3.40918 3.07467
7.507 8.76296
0.826985 1.74482
7.73776 6.55839
3.55264 0.375266
5.46729 3.83778
9.9669 1.60183
5.71127 10.7343
10.2265 6.93794
5.87483 9.54273
9.54868 10.7459
4.96433 10.0207
2.45923 2.68178
3.62399 4.06749
6.63145 10.2596
9.02042 3.17133
10.0381 4.84851
3.97743 5.04006
8.26419 3.93434
2.5386 8.28311
7.44223 4.60221
4.31765 6.04491
10.1642 5.89816
9.57503 9.4528
1.58002 3.26713
4.63759 0.168436
0.842464 10.2065
8.44357 4.98935
7.03578 2.4475
8.3654 8.17176
5.76975 5.77188
3.34908 7.59198
6.77535 6.15077
8.71078 10.0794
1.81485 4.57081
1.26568 5.51951
2.70668 1.64998
9.25294 6.47187
1.49911 6.59602
1.72553 1.1814
4.47713 2.25771
4.35268 7.13478
5.20286 8.45016
7.24721 1.36314
9.00436 2.07996
0.188606 5.26635
8.3423 1.15878
7.63243 9.83281
3.89819 10.2157
7.24704 3.52669
2.78577 10.4649
2.57663 3.75947
2.33302 5.86512
1.71965 0.0459966
4.30838 9.14605
7.61604 0.126395
2.88819 4.86676
4.46994 3.38881
0 31
0 34
0 62
1 44
1 95
1 71
1 105
2 104
2 108
2 21
2 68
3 77
3 62
3 69
3 82
3 115
4 10
4 91
4 52
4 18
5 31
5 19
5 62
5 69
6 8
6 94
6 121
7 35
7 109
7 99
8 14
8 12
8 118
9 107
9 70
9 80
10 59
10 33
10 49
11 40
11 26
11 92
11 65
11 41
12 16
12 122
12 116
13 42
13 117
13 83
13 86
14 48
14 87
14 43
15 95
15 90
15 105
16 99
16 22
16 122
17 97
17 115
17 101
18 52
18 43
18 64
19 31
19 71
19 47
19 97
20 125
20 73
20 85
20 32
21 72
21 50
21 104
22 109
22 122
22 110
23 98
23 109
23 89
23 34
24 39
24 57
24 74
24 60
24 70
25 101
25 78
25 123
25 114
25 30
26 70
26 92
27 73
27 61
27 98
27 32
28 75
28 93
28 50
28 36
28 66
29 45
29 125
29 53
29 73
30 78
30 114
30 39
31 100
32 85
32 98
32 89
33 76
33 37
33 52
34 109
34 110
35 120
35 124
35 85
35 89
36 50
36 108
36 66
36 45
37 106
37 48
37 38
38 106
38 58
38 48
38 87
39 78
39 67
39 74
40 60
40 63
40 65
40 55
41 65
41 102
41 113
42 114
42 111
42 112
42 96
43 48
43 52
43 94
44 88
44 95
44 100
44 71
45 66
45 96
45 53
46 118
46 121
46 107
46 72
46 104
47 71
47 105
47 97
47 59
48 52
49 97
49 59
49 91
50 93
51 86
51 55
51 95
51 84
53 117
53 73
53 61
54 61
54 88
54 98
54 100
55 83
55 63
55 65
56 82
56 123
56 66
57 67
57 107
57 70
58 120
58 99
59 105
59 76
60 74
60 70
60 63
61 117
61 73
62 110
62 77
63 112
63 83
64 91
64 78
64 67
65 84
66 111
67 94
68 80
68 119
68 81
69 97
69 115
70 107
71 100
72 118
72 116
73 125
74 112
75 79
75 82
76 90
77 79
77 82
78 101
79 122
79 116
79 93
80 104
80 92
80 119
81 125
81 119
81 124
81 85
82 115
83 112
84 90
84 113
85 124
85 89
86 117
86 88
86 95
87 99
88 117
88 95
89 109
90 113
90 105
91 101
92 119
93 116
94 121
96 111
96 117
98 100
99 109
101 115
102 119
102 103
102 124
103 113
103 120
103 106
104 107
106 120
107 121
108 125
110 122
111 114
112 114
115 123
116 122
116 118
118 121
119 124
120 124
