256 580 15.3348
8.74481 0.223058
0.492047 9.16229
2.43438 11.4095
11.7483 14.9229
8.16853 14.9552
1.86834 6.12267
6.30084 7.26844
9.98041 5.7877
10.9811 10.2066
8.14594 9.48393
13.1528 11.8453
1.67409 0.288668
3.61843 5.14876
1.01905 7.34487
9.66951 0.0681706
1.72476 2.10505
7.26811 11.6125
12.8097 5.62056
0.712459 12.0577
9.23523 7.02603
4.08457 3.62735
13.1247 8.77875
2.67595 4.55398
0.6499 13.6458
10.2774 0.66529
3.57087 2.03974
7.29532 4.96305
4.60982 13.9024
11.789 1.1183
5.377 2.29958
13.8595 6.95876
8.12317 14.0189
5.8494 3.0304
9.22329 6.17032
13.6044 4.17012
3.32427 10.1265
8.79408 11.4741
6.60127 3.4718
4.3498 11.5134
1.70873 9.91015
7.98865 11.1426
0.852577 5.50724
6.42698 14.0763
13.4288 1.01974
5.96722 10.5545
4.21638 8.69236
14.9804 13.6141
11.4028 12.7299
1.35352 9.09628
2.57401 12.2548
1.81264 6.98922
9.9656 1.77841
7.79283 7.74268
2.52918 9.55843
6.47435 5.27956
10.864 13.4422
8.11555 2.03301
10.8236 7.5118
5.10383 10.3189
5.58111 0.710705
4.8393 12.2585
10.9887 6.61918
3.50906 4.28182
3.57885 7.04879
2.18447 13.0583
3.10802 12.9868
8.05021 12.0303
5.31985 6.00205
3.56475 2.91846
5.75307 12.3209
0.130156 6.03958
9.02492 1.92677
8.45219 8.66871
11.3925 11.8253
13.5439 6.12622
11.9647 4.05406
15.1916 0.982173
12.2283 0.331585
6.45209 4.36426
5.04567 1.46063
10.4658 15.0182
0.849939 4.5967
11.0943 14.3287
6.89241 7.92219
9.90886 7.61186
8.66411 2.7715
2.54864 0.427098
6.3703 11.6246
13.5506 2.966
13.487 2.03415
5.48652 6.9184
10.0644 6.67817
11.5902 10.9123
12.4988 14.4557
10.4818 12.0016
5.75989 9.66179
3.20332 14.7756
3.70258 13.9596
2.51452 7.5981
4.6236 0.502064
12.294 11.5854
1.6994 5.16974
4.46571 2.21462
7.16632 13.5397
14.3796 2.49262
13.4492 14.5219
13.1547 0.112129
15.299 4.09921
0.145656 14.3987
12.5601 10.6679
8.72838 7.7754
4.11042 1.3131
10.6337 11.0474
11.8678 9.99363
15.14 11.9201
15.0292 8.73483
15.3276 3.05219
6.86152 10.7965
8.3733 3.66938
5.50049 14.1447
15.103 9.71641
14.0474 8.73987
13.6214 5.18368
9.71871 11.4137
11.4567 8.22183
1.0059 6.42963
9.21509 5.23523
6.53493 0.69942
0.973147 1.56774
3.28192 11.0657
11.0442 4.30217
0.0162334 5.08457
12.4359 8.05774
0.560193 8.251
4.46613 9.60344
13.4855 12.7079
14.7291 6.64947
7.69301 10.266
3.41168 9.18975
10.4761 8.40362
0.188554 12.8335
6.25909 13.1452
2.45694 10.4961
1.90705 1.18897
9.06642 9.4746
0.0955806 7.36035
14.1001 9.74036
4.46519 5.54701
15.2109 0.0147903
5.56984 3.93579
5.30212 15.1228
12.8289 3.61859
14.5409 7.8575
1.82334 3.04052
9.63964 2.68727
12.9342 13.5689
3.58915 6.08313
0.82926 3.61137
2.70443 6.62255
14.5116 5.65932
14.511 12.712
8.35818 5.78675
14.449 4.62351
12.2176 9.0508
4.1696 10.5758
11.7737 5.01977
5.61228 7.89934
2.92698 1.34266
7.33157 5.91729
1.65771 11.934
10.0819 9.35395
12.6249 1.55332
2.56692 8.59956
7.08782 12.5371
12.6167 2.60435
10.8742 1.41256
0.893662 2.57831
11.7026 2.07452
7.19183 6.96402
1.21689 12.8767
5.22772 13.162
0.421742 11.1118
2.70391 13.8936
7.40869 4.00623
4.89394 3.135
6.33647 15.0377
2.18923 14.8228
12.757 4.65697
5.17651 8.84849
9.44113 8.50374
10.1771 4.85427
11.5781 3.13454
6.03764 1.59225
10.9211 5.63244
8.26055 1.05022
9.83731 10.3879
7.4868 0.292996
0.736881 10.0832
0.762789 0.563398
11.197 0.364306
9.07648 14.6549
7.29712 14.5539
14.3165 1.46284
4.52329 4.493
8.97425 12.4338
7.6604 2.92645
3.54395 12.0756
14.4715 14.6061
13.986 13.6344
2.65914 2.38774
1.07328 14.8569
13.0343 9.74868
8.04816 13.0297
3.4729 8.03986
14.7491 10.7047
1.47895 10.8806
9.35052 0.982151
6.78078 9.75029
4.54439 7.74641
11.7887 7.22758
14.1203 11.7165
8.73728 10.4816
8.26582 6.84871
5.50417 5.00326
6.66727 2.47528
10.6918 2.4854
1.61028 8.1199
1.6098 13.893
6.27732 8.75463
13.4685 7.85798
11.8596 13.6329
15.303 1.99849
11.1517 9.23338
4.50636 6.6257
3.5772 0.416174
10.2972 3.54515
2.77381 3.56218
14.3998 3.54706
12.4126 12.6237
14.1851 0.351572
2.66909 5.54143
6.3091 6.28268
12.857 6.89665
4.14028 13.0119
7.41712 8.81528
4.25825 14.8457
7.24052 1.4995
10.0535 14.0704
11.9336 6.10708
5.35254 11.3632
1.77935 4.1236
9.98582 12.9189
13.617 10.7124
8.27325 4.71266
9.029 13.5527
9.3199 4.15045
0 4
0 200
0 216
0 194
1 133
1 115
1 48
1 120
1 197
2 142
2 129
2 169
2 49
3 82
3 93
3 199
3 77
4 201
4 200
4 196
5 240
5 125
5 50
6 90
6 241
6 178
6 166
6 83
7 190
7 193
7 33
7 91
8 232
8 113
8 112
9 244
9 72
9 137
9 144
10 100
10 220
10 135
11 210
11 186
11 198
11 86
11 143
12 62
12 147
12 156
13 125
13 50
13 145
13 226
14 200
14 80
14 216
14 24
15 128
15 143
15 176
15 153
15 209
16 117
16 87
16 40
16 173
16 66
17 187
17 122
17 248
17 74
18 114
18 140
18 179
18 169
19 222
19 33
19 91
19 110
19 84
20 68
20 184
20 62
20 203
21 229
21 163
21 121
21 211
22 250
22 236
22 62
22 240
23 140
23 179
23 227
23 108
24 216
24 199
24 175
25 167
25 111
25 102
25 209
25 68
26 183
26 253
26 54
26 168
27 243
27 97
27 180
27 119
27 245
28 199
28 77
28 177
28 175
28 171
29 102
29 79
29 192
29 184
29 32
30 242
30 74
30 136
30 229
31 212
31 254
31 201
32 184
32 224
32 37
32 149
33 161
33 126
34 187
34 151
34 237
34 162
35 138
35 142
35 164
35 129
36 221
36 40
36 123
36 204
37 224
37 78
37 183
38 164
38 249
38 206
38 60
39 48
39 197
39 142
39 53
39 215
40 137
40 221
40 66
41 81
41 131
41 101
41 125
41 70
42 119
42 141
42 103
42 185
43 239
43 171
43 202
44 95
44 58
44 249
44 117
45 213
45 218
45 138
45 188
45 134
46 140
46 208
46 108
47 73
47 238
47 55
47 230
48 226
49 169
49 206
49 64
49 65
50 158
50 98
51 216
51 175
51 154
51 225
52 178
52 222
52 83
52 110
53 172
53 138
53 142
54 78
54 223
54 241
55 251
55 247
55 230
55 82
56 194
56 246
56 71
56 205
56 85
57 61
57 84
57 219
57 124
57 139
58 164
58 134
58 95
59 150
59 127
59 79
59 192
60 249
60 69
60 243
60 180
61 193
61 91
61 219
63 158
63 233
63 156
63 213
64 179
64 227
64 182
65 206
65 182
65 243
66 204
66 212
67 147
67 223
67 233
67 90
67 241
68 236
69 249
69 87
69 180
69 141
70 131
70 136
70 125
71 216
71 85
71 154
72 110
72 189
73 92
73 100
73 94
74 122
74 242
75 191
75 130
75 187
75 151
75 165
76 148
76 198
76 231
76 202
77 106
78 149
79 111
79 102
79 192
80 247
80 82
80 199
81 157
81 250
81 131
82 230
83 178
83 228
83 244
84 91
84 189
84 139
85 205
85 154
85 118
86 186
86 234
86 167
87 249
87 117
88 89
88 174
88 104
88 151
88 237
89 171
89 202
90 233
90 241
90 166
92 113
92 112
93 230
93 155
93 105
94 123
94 112
94 251
95 188
95 228
95 217
96 182
96 97
96 186
96 234
97 182
97 243
97 245
98 158
98 226
98 172
99 245
99 150
99 234
99 111
100 109
100 238
101 250
101 240
102 111
102 184
103 173
103 141
103 212
103 201
104 231
104 202
104 237
105 208
105 207
105 106
106 239
107 237
107 162
107 157
107 131
108 207
108 210
108 148
109 113
109 211
109 252
110 222
110 189
111 234
112 195
112 123
113 232
113 163
114 220
114 181
114 160
114 140
115 152
115 133
115 121
115 120
116 231
116 176
116 237
116 157
117 217
117 137
118 205
118 183
118 255
118 253
119 180
119 150
120 146
120 197
120 214
121 229
121 152
121 146
122 187
122 162
122 159
123 195
124 219
124 132
124 139
124 232
126 253
126 161
126 190
127 185
127 196
127 192
127 246
128 198
128 143
128 176
129 142
129 164
129 206
130 235
130 190
130 165
131 162
131 159
132 219
132 229
132 163
133 145
133 226
134 188
134 164
135 238
135 160
135 155
135 208
136 159
136 145
137 217
137 221
138 172
139 189
139 170
139 232
140 160
140 179
141 173
141 180
142 215
143 167
144 189
144 170
144 221
145 152
146 211
146 252
147 203
147 233
147 156
148 207
148 239
148 198
149 184
149 223
150 245
150 185
151 174
151 187
152 229
153 176
153 209
153 250
153 236
154 225
154 235
155 238
155 230
155 208
156 240
156 158
156 233
157 176
157 250
158 240
159 162
160 220
160 208
161 253
161 168
161 222
162 237
163 232
163 211
165 187
165 193
165 248
166 218
166 188
166 228
167 209
168 241
168 178
169 215
169 179
170 189
170 232
170 195
171 177
171 174
172 226
172 213
173 212
174 177
175 177
175 225
176 231
177 225
177 191
178 222
179 227
180 243
181 197
181 214
181 215
182 227
182 186
183 253
185 201
186 227
188 228
190 255
190 193
191 225
192 224
193 248
194 196
194 216
194 246
195 221
196 201
197 215
198 210
200 254
202 239
203 223
204 251
204 212
204 254
205 224
206 243
207 208
207 239
210 227
211 252
212 254
213 218
214 252
217 228
217 244
218 233
219 248
219 242
220 252
224 246
225 235
228 244
229 242
234 245
235 255
236 250
247 251
247 254
251 254
