64 142 7.69509
2.94321 6.44403
6.14684 0.653235
5.67123 6.17515
5.19926 4.53133
0.948711 3.11007
1.07469 1.52603
0.416659 3.78462
6.2901 1.49179
4.516 1.73867
5.35992 5.37665
6.9617 0.944785
7.04919 4.99691
5.32762 0.37858
1.02491 7.40914
1.13957 6.51299
2.14921 4.72807
2.79863 5.34865
4.53841 0.828468
3.71141 0.350749
3.63962 3.35635
5.18506 2.3395
0.965369 0.63355
1.88102 7.05769
2.93299 1.81313
3.72731 1.29332
6.27332 5.50523
1.51838 2.32211
4.53699 7.57928
4.53816 3.03962
0.510051 5.81731
4.4727 5.08415
1.86492 3.23774
0.098181 0.210255
6.81499 0.0224509
7.22564 4.07259
6.14889 2.41423
2.8645 0.830881
0.512719 2.27622
5.36778 1.33746
3.53093 4.70598
1.31975 5.22749
3.80859 6.88974
0.179082 1.23192
6.46334 3.38641
2.01602 1.43451
5.4327 7.10143
2.79912 2.80988
3.77483 2.36238
4.36439 4.05332
1.92953 0.367474
7.19249 5.96408
5.41255 3.58617
7.48024 3.04723
6.45011 6.74674
4.70742 6.29121
7.13197 2.00598
0.336597 4.77549
1.32809 4.14546
0.175325 6.8439
2.04442 6.03545
3.7 5.80698
2.76892 3.91749
6.19097 4.45031
2.86081 7.43786
0 59
0 60
0 63
1 12
1 33
1 7
2 54
2 25
2 9
2 45
2 53
3 51
3 48
3 30
3 62
3 9
4 37
4 6
4 31
5 42
5 21
5 37
5 44
5 26
6 52
6 34
6 56
6 57
7 10
7 38
7 35
7 55
8 47
8 24
8 38
8 20
9 30
9 25
10 33
10 42
11 62
11 34
11 56
11 25
11 50
12 27
12 45
12 17
12 38
13 58
13 14
13 22
13 21
14 29
14 59
14 58
14 22
15 57
15 61
15 40
15 16
16 39
16 59
16 60
17 27
17 24
17 38
18 63
18 27
18 36
18 24
19 47
19 46
19 28
19 61
19 48
20 35
20 28
21 42
21 32
21 49
22 59
22 63
22 49
23 36
23 44
23 47
23 24
23 46
24 36
25 62
25 50
26 44
26 31
27 41
27 45
28 47
28 51
28 48
29 56
29 50
29 40
30 39
30 48
30 60
31 46
31 57
32 58
32 33
32 42
33 53
34 52
34 43
34 56
35 55
35 43
36 63
36 49
36 44
37 52
39 61
39 48
40 56
40 57
40 59
41 60
41 54
41 63
42 55
43 51
43 52
43 62
44 49
45 54
45 53
46 47
46 61
49 63
50 53
50 58
52 55
54 60
