252 565 15.3781
13.4922 2.33236
14.1592 11.0863
13.0419 9.92572
13.3368 10.9629
13.1687 0.630334
7.45642 14.9358
7.56136 0.388556
8.98481 5.63329
1.03323 3.84539
6.51562 5.00529
13.8948 0.206119
2.04534 8.70635
13.7589 6.02963
2.80231 3.78991
2.99779 5.90949
0.416879 3.26586
14.4681 7.53063
12.4961 5.26482
14.6542 1.92553
8.37472 6.22239
12.1955 3.50744
1.96946 9.78933
14.1677 2.84256
9.36305 0.868637
2.84628 15.2816
5.05722 10.5058
15.2438 14.3004
10.0068 10.052
11.4485 13.3003
4.7675 4.97795
2.10889 3.28599
9.02536 1.66442
10.7824 3.90103
5.2977 9.66825
11.2408 0.426639
7.20103 14.1154
1.16484 1.76004
12.7483 15.2662
3.58604 14.8248
8.75195 13.6059
8.18218 1.91353
0.406991 10.6049
9.21263 6.46705
1.28904 0.0104908
12.7859 9.10628
0.563626 2.40708
1.15969 10.128
3.09965 13.2684
2.86893 1.95928
2.12796 10.6597
11.0519 8.62239
9.62617 13.7663
2.79952 10.0805
9.21476 11.9138
14.859 8.3159
9.06034 14.4691
11.9167 8.87891
6.52332 1.9632
2.08315 7.38043
7.2077 5.56585
1.92243 13.8819
0.109302 1.63162
0.497725 13.6778
9.18015 12.8202
5.57667 11.2293
10.7269 7.77545
4.48814 14.8757
9.26335 15.36
2.79524 9.17044
5.63262 6.66454
14.5573 5.66409
11.6114 5.3179
11.9054 6.17841
12.1598 9.76249
0.189117 4.12107
10.8288 1.22985
8.31219 7.11429
1.2616 2.9888
2.91266 2.87398
4.93855 14.062
7.33875 2.39591
14.6548 15.1179
8.19457 3.96431
1.98355 1.3639
6.3459 1.05817
5.67837 0.393508
13.5127 14.7713
8.63703 11.1996
12.348 13.4613
2.17001 11.5841
3.63323 0.348502
13.8741 10.2447
14.8269 10.2269
4.67398 1.94247
12.6472 14.3675
2.10245 0.423503
3.73932 3.33782
5.44854 14.8534
8.32461 15.2659
1.26558 13.1444
13.4041 5.19482
15.0717 2.72567
12.4995 10.6407
14.4388 6.62382
5.8001 13.6535
2.21314 12.9842
0.444826 11.7618
0.0908555 5.42726
13.6976 9.29945
9.96338 14.7151
9.94453 1.58441
5.5416 4.47652
15.0519 11.169
11.0063 12.4859
6.33933 14.4625
10.3071 9.18138
1.39801 12.1752
14.6784 9.24628
2.04467 14.827
8.1218 5.33389
11.5378 10.4976
12.8554 6.11146
5.41578 1.32199
13.6356 11.8286
2.84391 6.81457
7.49311 7.62075
10.9276 14.9256
11.221 9.55609
0.372509 12.7358
9.89163 5.49172
1.25858 9.18591
7.34082 3.50679
4.54202 9.11687
5.57277 7.629
2.72692 8.08034
5.41955 8.6218
8.12345 14.3068
7.20575 12.4025
10.1285 12.9504
4.99005 13.0907
6.72449 13.2986
9.24505 2.56844
14.3096 14.2032
13.0213 12.6281
4.63666 2.92312
1.99266 2.34491
2.89806 1.0032
0.0342723 6.42436
5.69535 5.46176
6.44962 6.15043
4.55571 8.10018
3.78221 6.43256
14.9103 12.1619
6.50624 2.92913
1.83286 5.37127
9.09655 3.58068
9.24144 7.4303
10.1753 11.9259
14.7813 4.70626
12.0045 12.526
2.8484 14.2042
14.6979 3.65523
11.6701 14.2305
3.59039 4.30943
6.95453 10.7308
3.75802 2.34884
7.96529 10.4645
9.88537 4.25192
1.37173 8.03721
9.87405 8.25774
7.67412 11.4793
8.26421 9.45457
5.99618 10.333
3.66427 9.65098
1.10455 14.4375
0.955395 5.94153
6.57292 8.28878
4.77147 5.94502
7.58167 8.6428
14.9405 13.3778
6.46266 4.04665
6.19347 9.28901
3.8951 1.31037
6.47069 11.6641
2.79161 4.97506
13.8804 8.2934
10.7274 4.87599
11.7189 7.90692
1.89805 6.416
13.8348 4.26615
10.8279 5.94885
8.91425 4.67336
5.60804 2.34466
8.60022 8.28211
11.2614 6.93655
4.98343 12.0374
14.0604 12.7725
8.31206 12.3273
0.44027 8.53653
3.62777 8.60404
12.6081 11.6548
6.53388 7.20684
7.39422 4.58487
11.6612 4.31849
3.04877 11.0503
9.27724 9.14704
3.95023 11.6803
12.9027 1.5639
4.08889 10.6151
11.7266 1.70869
6.64365 0.0794639
5.5681 3.43484
0.753605 0.852076
5.92738 12.6028
12.406 7.05715
0.928918 4.81592
12.7553 4.31877
12.4257 2.55748
11.5013 11.5555
1.25219 11.1286
0.287436 9.61855
4.6119 3.99295
0.0796327 7.49381
10.1013 3.18799
8.37628 0.923071
7.44316 6.55952
0.307167 15.1919
9.03004 10.2379
12.1912 0.707995
7.7922 13.2987
3.98185 12.7707
4.65647 0.514386
8.2321 2.92277
10.1554 6.83717
7.33955 1.35462
4.68031 7.03412
7.20505 9.67736
13.5323 7.17427
12.8042 8.09835
10.6362 13.8955
15.0075 0.722585
1.92814 4.28001
3.83485 5.36027
13.3865 13.6461
3.91615 13.886
3.64444 7.50577
13.9696 1.20557
10.7596 2.27299
13.2722 3.30499
2.9754 12.2466
10.2307 0.370319
10.5489 10.9028
0 207
0 248
0 22
1 91
1 123
1 3
1 112
2 44
2 108
2 102
2 91
3 102
3 91
3 123
4 37
4 228
4 10
4 207
4 246
5 35
5 136
5 210
5 6
6 210
6 224
6 234
7 191
7 119
7 129
7 42
7 19
8 15
8 77
8 74
8 241
8 215
9 180
9 202
9 148
10 86
10 81
10 246
11 168
11 134
11 130
11 68
12 100
12 70
12 121
12 103
13 30
13 241
13 163
14 184
14 242
14 124
14 151
15 101
15 45
15 77
15 74
16 103
16 237
16 222
16 185
16 54
17 216
17 71
17 100
17 121
18 246
18 61
18 101
19 119
19 225
19 42
19 76
20 217
20 203
20 216
21 130
21 46
21 52
22 248
22 101
23 67
23 224
23 250
23 31
23 110
24 118
24 38
24 95
24 90
25 208
25 33
25 172
25 64
26 179
26 62
26 142
26 226
27 115
27 227
27 251
28 113
28 159
28 239
28 162
29 221
29 111
29 242
29 177
30 145
30 77
30 78
30 241
31 224
31 40
31 110
31 141
32 223
32 167
32 203
32 186
33 132
33 181
33 172
34 126
34 250
34 228
34 75
35 140
35 229
35 114
35 136
36 212
36 83
36 45
37 94
37 86
37 228
38 244
38 160
38 66
38 90
39 63
39 229
39 51
39 136
40 224
40 234
40 232
41 220
41 46
41 112
41 219
42 233
42 156
43 226
43 174
43 118
43 212
43 95
44 238
44 56
44 108
44 73
45 61
45 101
45 77
46 130
46 220
46 219
47 105
47 249
47 230
47 244
47 160
48 146
48 145
48 165
48 78
49 52
49 219
49 89
49 204
50 187
50 65
50 115
50 56
50 127
51 138
51 239
51 55
52 68
52 173
52 204
53 87
53 197
53 63
53 157
54 222
54 185
54 117
54 198
55 136
55 67
55 109
56 187
56 73
57 84
57 192
57 234
57 153
57 80
58 188
58 124
58 168
58 134
59 202
59 119
59 149
59 225
60 105
60 174
60 118
60 160
61 240
61 212
62 128
62 179
62 99
62 174
63 197
63 138
64 172
64 183
64 195
65 194
65 169
65 187
66 79
66 231
67 98
67 109
67 250
68 199
68 173
69 235
69 149
69 133
70 158
70 107
71 203
71 186
71 190
71 72
72 194
72 214
72 121
73 127
73 120
73 102
74 161
74 158
74 215
75 250
75 110
75 247
75 209
76 225
76 125
76 156
77 145
78 165
78 96
79 244
79 139
79 104
79 97
80 234
80 153
80 232
81 142
81 226
81 240
82 232
82 131
82 202
82 191
82 155
83 95
83 146
83 145
84 85
84 210
84 122
84 234
85 97
85 231
85 210
85 122
86 94
86 142
87 166
87 227
87 170
88 159
88 243
88 94
89 219
89 204
89 116
89 249
90 146
90 231
90 182
91 108
91 92
92 220
92 112
93 182
93 165
93 192
93 122
93 144
94 243
94 162
95 118
95 146
96 165
96 144
96 163
97 114
98 136
98 224
99 128
99 116
99 105
100 189
101 161
102 120
102 200
103 147
103 237
104 139
104 140
104 114
105 249
106 112
106 219
106 152
106 128
107 158
107 215
107 175
107 147
108 185
108 117
109 239
109 126
109 250
110 247
111 211
111 221
111 180
111 148
112 152
113 218
113 157
113 138
113 159
114 210
115 169
115 205
115 127
116 219
117 220
118 174
118 160
119 202
119 191
120 127
120 251
120 218
121 214
122 192
123 200
123 196
123 143
124 188
124 151
124 245
125 225
125 201
125 178
126 239
126 162
126 250
128 152
128 179
129 186
129 190
130 198
130 220
131 153
131 232
131 180
132 150
132 199
132 135
132 173
133 235
133 201
133 135
134 245
134 199
135 150
135 181
136 229
137 183
137 170
137 140
137 229
138 157
138 239
139 230
139 195
139 213
140 213
140 229
141 232
141 223
141 155
142 243
142 179
143 200
143 159
143 196
143 243
144 211
144 221
146 182
147 175
147 222
148 177
148 149
149 225
149 201
150 235
150 245
150 199
151 242
151 235
151 245
152 196
153 211
154 241
154 215
154 184
154 175
154 188
155 232
155 223
155 167
156 233
156 169
156 193
157 251
158 189
159 200
161 189
162 239
163 221
163 184
163 242
164 172
164 236
164 166
164 183
164 170
165 182
166 171
166 236
166 227
166 170
167 223
167 191
167 186
168 198
169 205
170 197
171 178
171 205
171 236
171 227
172 181
173 199
173 208
174 226
175 188
176 201
176 181
176 178
177 242
177 235
178 193
178 236
179 196
180 211
180 202
181 236
182 231
183 213
184 241
184 242
185 238
186 203
186 190
187 194
187 214
187 238
189 248
189 216
190 233
190 194
192 211
193 205
194 233
195 206
195 213
196 243
197 229
198 222
198 220
199 245
200 218
201 225
203 216
204 206
205 227
206 208
206 249
206 230
207 228
207 246
207 217
209 228
209 247
209 217
211 221
212 240
214 238
214 237
215 241
216 248
217 248
223 247
224 234
226 240
230 249
230 244
235 245
240 246
