254 572 15.3324
2.30426 12.4261
9.14016 4.86579
5.73298 0.0414794
8.54111 13.1886
9.73033 1.56638
9.7514 9.93503
15.2657 13.8625
9.01283 1.13783
7.99421 9.5591
1.69287 0.500473
6.30576 7.50698
5.21116 3.74048
1.93333 14.0103
0.689277 9.55104
6.89932 2.49363
7.27181 5.15335
15.1341 0.0463178
8.0424 5.51073
1.95834 6.0798
5.30678 8.78804
4.19769 0.341136
11.8337 12.8341
8.87959 5.66326
6.44735 4.91767
5.26142 14.2587
0.290704 14.678
1.52547 9.37684
12.79 11.3497
7.04276 3.3374
4.38742 3.49668
11.232 12.2287
8.45668 0.466732
6.42133 12.1707
10.0179 13.4059
3.62197 3.07764
10.8863 2.63793
0.188779 5.21794
7.79422 11.4625
2.6455 14.4907
3.42165 0.721687
6.36248 10.6438
10.3394 6.34359
12.5353 10.5122
14.5042 12.2778
3.4325 14.0914
0.138892 2.89956
10.8344 4.32997
3.90412 5.0584
11.8245 7.89731
14.9323 13.0599
1.24681 8.5429
14.1305 9.59699
12.8938 5.89189
14.9194 5.86741
4.20762 8.84421
13.7608 3.08047
7.38032 0.654462
7.60391 6.2647
14.6504 3.24122
11.1475 3.48894
9.6035 14.6788
5.83787 13.5968
13.4394 11.9568
6.31546 4.03812
1.07201 12.3462
8.80643 3.10571
2.96704 6.1302
13.5106 2.20477
3.37503 1.61747
2.79236 3.41599
8.48176 6.44735
12.8704 2.8655
0.192875 1.99119
9.9707 9.08916
7.66616 13.2365
1.68473 3.86779
9.95207 4.53562
14.1838 11.4308
15.1073 11.3519
3.83835 13.2881
0.820006 3.51079
11.0512 7.41857
11.4195 8.71497
6.88635 11.3911
5.0385 0.688793
6.13372 2.03566
6.94106 6.89127
4.33424 14.2699
12.5823 5.02208
8.70456 14.9232
3.79098 7.90838
2.1728 10.7756
2.47578 0.0570183
14.722 14.5747
12.2999 1.07795
12.0875 11.9233
0.723218 11.4756
4.7311 8.08414
4.58149 4.38977
12.689 14.5986
14.1118 3.98818
5.88445 11.4328
13.773 12.8368
2.98565 5.19282
7.87409 7.16408
13.4592 8.64552
1.36973 10.2728
9.41784 6.4474
11.2516 6.4897
6.63384 0.0956824
10.8409 9.46502
4.235 1.24206
9.18166 3.96823
10.6496 10.413
9.76535 10.8356
10.5882 15.2451
9.59537 11.8044
1.96161 2.96264
10.2491 0.826327
7.23857 4.24023
4.87468 15.0748
9.34326 12.7605
6.02302 6.58735
1.91093 1.983
11.6514 4.79093
3.27025 8.71513
9.18945 13.8276
6.73909 5.9031
4.80276 5.34172
2.81878 7.82481
2.52768 4.32831
11.6287 1.77742
10.634 1.73511
14.9741 7.6735
3.38402 6.99643
7.95438 3.54637
1.69685 11.6248
14.3064 1.20913
15.0911 9.57965
5.06006 6.31153
0.11638 12.2547
14.237 13.7146
5.40377 7.37155
1.37013 6.80971
2.7096 11.5923
7.16276 7.84801
5.54187 4.61068
1.00631 14.074
14.2142 0.204704
2.38622 6.90662
11.9381 5.76278
0.555978 13.1666
12.1611 0.10297
8.14804 8.12793
13.5275 4.79079
1.66934 13.1111
13.1844 0.208053
5.78426 5.59983
1.61746 14.8965
3.15403 10.6604
9.48648 8.24303
9.40034 0.291448
10.3232 12.5065
10.4731 14.2434
13.5034 10.7164
9.9346 2.4818
7.36378 12.3058
6.9959 1.54942
1.79613 7.74248
4.87986 11.4898
0.288487 8.69013
8.81144 10.0439
6.97202 9.89301
13.2816 1.24815
6.17675 14.5254
8.19309 14.0692
10.5336 8.27272
7.13171 14.0748
13.1211 3.827
2.83525 2.4333
12.7704 12.6701
5.05267 2.79974
9.82256 5.51924
4.13706 2.25671
6.68107 13.1059
8.75361 8.98667
5.38811 10.5448
3.25948 12.4745
7.84373 10.4974
12.065 3.85341
1.03731 2.52292
4.81538 9.6258
11.0009 13.3253
13.7091 14.6222
13.3706 6.76298
11.4435 14.6696
4.4051 7.11298
4.31273 10.5848
1.86951 5.1202
4.34496 12.4168
7.31457 8.88058
3.44365 15.0703
14.4726 6.75312
3.76363 11.5171
11.8646 2.78983
15.2701 4.02549
0.00117711 0.999535
12.0652 13.7785
0.765332 0.209024
14.5561 10.4929
6.09975 3.05687
8.2316 4.5559
8.89535 7.36144
2.2354 8.70499
8.43816 12.2256
2.70208 13.4094
8.92451 2.10718
4.85331 13.3761
11.8382 9.78988
13.1678 13.678
13.924 7.70762
7.87974 2.4933
7.67252 15.0236
10.8976 5.50941
10.138 3.53525
12.4299 8.83312
13.9047 5.79974
14.5323 2.24229
14.5882 4.90761
8.06877 1.39046
13.1286 9.70002
5.16154 1.71413
12.8227 7.78282
0.921864 4.54516
5.45554 12.425
10.6043 11.4613
11.3022 0.757134
5.92302 9.57801
6.26468 8.49435
10.0225 7.30193
3.65246 9.69914
11.5978 10.9
2.50631 9.78617
4.00112 6.07258
2.48487 1.09893
12.2576 6.80071
0.992276 5.80958
6.04659 0.98651
0.345053 10.4888
1.08697 1.29708
3.57258 4.09372
0.706515 7.66617
8.75387 11.1436
14.5241 8.65718
0 144
0 187
0 155
1 211
1 112
1 76
1 22
1 182
2 120
2 247
2 109
3 214
3 121
3 175
3 74
3 126
4 7
4 118
4 216
4 132
4 165
5 73
5 171
5 114
6 49
6 151
6 93
7 161
7 229
7 216
8 200
8 185
8 188
8 171
9 158
9 208
9 244
9 92
9 249
10 86
10 142
10 145
10 238
11 29
11 181
11 98
11 146
12 147
12 155
12 215
12 158
12 38
13 170
13 26
13 138
13 248
14 167
14 85
14 210
14 28
14 221
15 119
15 23
15 17
15 127
16 93
16 25
16 148
16 208
16 206
17 211
17 22
17 57
18 246
18 198
18 143
18 149
19 97
19 238
19 191
19 237
20 201
20 120
20 39
20 111
21 30
21 180
21 192
21 207
22 182
22 70
23 63
23 157
24 217
24 61
24 120
24 174
25 147
25 93
25 208
26 213
26 50
26 106
27 42
27 164
27 95
27 62
28 210
28 135
28 119
29 34
29 181
29 250
29 98
30 235
30 162
30 95
31 89
31 161
31 229
32 101
32 83
32 234
32 166
32 184
33 121
33 162
33 126
33 163
34 183
34 69
34 250
35 132
35 165
35 59
35 204
36 233
36 228
36 53
36 246
37 188
37 83
37 252
37 166
37 214
38 44
38 201
38 92
39 201
39 244
39 68
40 186
40 172
40 101
40 83
41 182
41 223
41 107
41 108
41 239
42 218
42 230
42 241
43 77
43 102
43 140
43 49
44 215
44 79
44 201
44 87
45 72
45 58
45 190
45 80
46 59
46 76
46 124
47 250
47 103
47 128
47 243
48 81
48 232
48 82
49 140
49 141
49 151
50 251
50 168
50 170
50 213
51 253
51 230
51 209
52 150
52 88
52 226
52 194
53 226
53 228
53 202
54 97
54 125
54 240
54 191
55 67
55 71
55 58
55 178
56 222
56 109
56 167
56 229
57 127
57 86
57 70
57 104
58 227
58 100
58 205
59 224
59 204
59 189
60 126
60 89
60 163
60 161
61 217
61 184
61 174
62 77
62 180
62 102
63 210
63 146
63 119
64 96
64 136
64 140
64 151
64 155
65 216
65 135
65 112
66 103
66 149
66 134
66 243
67 173
67 227
67 71
68 244
68 183
68 111
68 179
69 117
69 179
69 130
69 250
70 107
70 104
70 212
71 204
71 178
72 206
72 227
72 190
73 160
73 176
73 110
74 166
74 184
74 177
74 175
75 80
75 117
75 233
75 130
76 224
76 112
76 182
77 209
77 164
77 78
78 209
78 248
78 140
79 187
79 199
79 217
80 190
80 205
80 233
81 108
81 239
81 176
82 176
82 225
82 110
84 120
84 247
84 231
85 231
85 167
85 210
86 122
86 145
87 217
87 120
88 124
88 150
88 154
89 175
89 222
89 161
90 129
90 196
90 97
90 125
91 106
91 242
91 136
91 159
91 144
92 158
92 201
92 244
93 141
93 193
94 236
94 152
94 131
94 173
95 180
96 248
96 136
96 140
97 196
97 142
98 250
98 146
98 128
99 207
99 219
99 193
99 152
100 178
100 154
100 228
101 186
101 169
102 180
102 219
102 141
103 130
104 153
104 145
104 212
105 220
105 225
105 253
106 248
107 182
107 239
108 223
108 150
108 245
109 174
109 247
110 113
110 218
111 183
111 231
112 224
113 235
113 114
113 241
114 252
114 235
114 116
115 163
115 195
115 118
116 252
116 121
116 162
117 123
117 190
117 179
118 161
118 236
118 132
119 211
119 135
121 214
121 162
122 157
122 139
122 127
122 142
123 244
123 249
123 190
123 179
124 189
124 223
124 150
125 129
125 213
125 240
126 175
127 157
128 157
128 139
129 149
129 134
129 168
129 213
130 250
130 198
131 236
131 132
131 204
132 165
133 202
133 220
133 251
133 253
134 149
134 196
135 221
135 211
136 144
137 148
137 206
137 173
137 227
138 253
138 170
138 209
138 248
139 157
139 196
140 151
141 219
141 193
142 196
143 246
143 149
143 251
143 168
144 159
144 203
144 187
145 153
145 200
146 157
147 151
147 158
148 193
148 156
149 168
150 223
150 245
152 195
152 236
152 156
153 212
153 185
154 178
154 226
154 228
155 215
156 193
156 173
158 208
159 242
159 240
159 203
160 212
160 239
160 185
160 176
162 235
162 192
163 192
163 195
164 230
164 209
165 216
165 224
166 214
166 184
167 247
167 229
168 251
168 213
169 197
169 199
169 234
170 251
170 253
171 185
171 188
171 252
172 200
172 237
172 188
174 177
175 177
175 222
176 239
177 184
177 222
178 189
180 219
181 183
181 231
181 210
182 223
186 197
186 237
187 203
187 199
187 215
188 252
189 204
191 197
191 237
193 219
194 226
194 245
194 220
195 207
196 243
197 240
197 203
198 233
198 246
199 203
199 234
199 217
200 238
202 226
202 220
205 233
205 228
206 208
206 249
207 219
208 249
209 248
212 239
213 242
214 252
216 229
216 221
217 234
218 225
218 241
220 232
220 253
221 229
225 232
225 230
226 228
231 247
232 245
235 241
237 238
240 242
