255 575 15.3668
6.34176 13.6664
5.23045 0.378441
4.12536 3.26215
13.6372 0.876931
1.87332 14.8359
14.3937 8.88824
1.48482 7.08495
12.6884 11.1554
1.18826 14.3557
9.68699 0.0679213
0.344341 14.3976
12.9415 8.27487
15.2586 0.045241
11.6186 6.09146
11.1108 14.3037
2.06602 1.92122
10.8392 11.6317
5.17886 9.29002
7.80994 14.8772
0.847885 13.5829
0.313359 2.55725
0.527385 9.92673
6.38775 10.2723
0.808741 15.1101
13.3854 2.7924
14.9653 2.00624
13.3915 6.27732
12.7535 9.60364
11.3721 8.41457
14.9514 7.21059
7.76712 12.3464
14.0182 5.15626
7.80365 9.82844
7.57468 8.98475
12.1708 1.6521
1.5817 5.47318
1.19318 2.20619
11.2648 10.6875
4.37404 7.59978
0.647366 3.36007
4.89956 1.16855
10.7603 9.09337
13.2752 0.095841
1.70587 10.7986
6.06711 0.199622
10.3064 13.9677
12.9194 11.9834
12.8456 14.6831
4.08847 9.23655
11.2429 12.396
6.95328 9.61231
10.7179 9.98553
11.4485 4.46286
2.56737 14.3228
9.33872 2.86329
11.8739 6.91893
2.87686 4.43963
0.811663 10.7522
9.88473 11.7095
6.90185 12.1334
6.44056 4.71486
1.27419 4.00275
11.2108 7.53756
11.9835 14.4333
12.3637 0.0709696
12.9624 12.8806
7.26266 5.0986
11.9901 5.30232
5.95186 1.09654
8.14863 5.32787
10.6979 3.95038
10.9508 6.66331
2.69934 8.30997
13.9734 3.46692
7.72088 3.35529
0.288941 12.8944
6.05637 9.44389
12.4949 6.2458
1.93561 4.64313
15.1786 13.6892
12.1452 12.4503
1.06597 8.9976
6.70248 8.73496
9.59545 13.3896
14.3161 10.7006
0.688065 5.28623
14.2804 6.02454
9.55592 14.4997
7.39047 8.09392
8.45309 11.7481
10.6597 0.570971
7.3515 2.49535
7.54496 11.4653
14.1148 9.73887
15.0038 10.0605
6.47848 7.81533
8.81335 13.9213
8.71326 14.9384
14.263 2.57599
2.25147 3.75465
11.5474 9.58073
4.2262 11.9671
3.47718 7.38845
4.84969 5.52687
5.43533 4.75433
12.7396 0.922465
14.1284 1.62906
5.45387 1.89898
7.24489 10.5563
1.53717 0.303075
9.78913 10.0426
6.96468 3.93245
3.31892 0.779893
0.54467 8.19022
10.4186 14.8988
13.7735 14.6233
3.37319 13.8616
6.55682 3.04349
5.52696 10.5422
13.4711 9.02032
12.8451 3.52853
0.226507 11.945
8.35275 13.066
2.96202 1.70116
13.7702 12.387
11.7667 0.819803
3.24887 12.0181
7.24714 7.13454
8.89748 0.532978
1.44523 9.89206
5.9404 14.6305
9.78673 0.987762
13.6562 11.4037
14.9243 8.13277
0.449365 1.63886
10.2631 3.08923
14.2098 13.7377
10.1165 7.14756
6.91476 14.3745
10.3361 10.8604
0.604353 0.64625
6.27813 6.85197
13.2016 13.8057
4.69175 8.49264
1.3874 1.2835
9.32652 10.9275
4.36516 13.8771
15.251 11.007
1.54898 3.07416
12.1257 7.8363
12.2072 8.84803
4.72479 11.1188
3.70994 11.1127
2.33035 0.916176
14.5929 11.7909
5.32924 7.54255
7.82788 13.9324
3.67501 8.36675
5.55583 2.89465
2.02751 6.32276
3.54836 2.52644
14.7857 14.5935
0.997446 6.23187
11.8268 3.56913
7.00933 0.017624
7.83644 1.62391
7.88439 0.578542
2.52929 2.74719
12.4187 4.43302
14.5422 4.27292
12.1746 10.3664
2.77019 13.0537
9.70859 3.95722
9.1376 6.82272
14.6802 12.8274
0.545165 7.1785
3.23052 3.52982
14.0197 6.9923
7.89293 4.33628
6.94515 1.06055
2.06822 9.07391
1.25466 12.7078
5.73213 8.50285
11.0755 13.3564
1.21025 11.6453
2.4599 10.0586
5.94672 3.86775
11.7969 11.5075
9.92393 5.01051
4.60147 2.445
6.47973 11.2362
5.39736 13.744
4.27749 0.418282
4.61357 10.0721
14.2622 0.151792
8.69195 3.61337
5.54556 11.7753
13.4811 4.33944
3.99305 1.55585
12.1488 13.4574
13.1322 1.85967
6.46307 2.01312
8.90706 4.66764
3.5331 10.0634
2.72388 15.3008
15.0009 5.22906
9.19513 12.4486
12.9485 7.159
11.3877 15.2302
10.276 12.6308
10.4268 8.15498
3.0916 6.42815
10.1204 6.0887
3.87943 4.40403
8.49102 8.6167
13.8826 8.05837
12.3407 2.62216
7.13923 13.1142
9.07677 5.74449
5.28187 6.47786
11.2316 2.66815
6.08758 12.7314
8.37585 2.56428
2.65026 11.1276
8.91962 1.59215
3.73563 14.8388
4.86236 3.88639
2.43784 7.32151
3.84937 12.9314
13.3228 10.4056
7.03599 6.09416
15.2867 6.28306
1.84271 13.6233
15.013 3.29616
4.18208 6.60989
4.88522 14.823
9.34378 7.8948
10.9643 5.35313
2.18888 12.1416
8.27739 10.7203
4.9599 12.7234
14.9626 0.999403
2.62417 5.41827
6.00703 5.63598
0.000684613 9.09041
11.001 1.56269
13.0225 5.34929
9.96262 2.05056
9.68748 8.98766
8.13321 6.36551
3.78494 5.53239
8.79479 9.70213
1.59601 8.0776
8.2628 7.50791
0.284145 4.31173
0 221
0 191
0 217
0 138
1 235
1 192
1 40
1 44
2 176
2 189
2 160
2 226
3 105
3 42
3 194
3 106
4 8
4 204
4 53
4 109
5 215
5 133
5 244
5 93
6 159
6 175
6 252
6 227
7 170
7 229
7 187
7 46
8 19
8 232
8 23
8 10
9 114
9 128
9 131
10 79
10 161
10 23
11 149
11 215
11 150
11 119
12 161
12 241
12 140
13 237
13 67
13 71
13 77
13 55
14 45
14 183
14 114
14 208
14 63
15 144
15 123
15 167
16 139
16 187
16 49
17 143
17 182
17 76
17 193
18 156
18 97
18 164
19 75
19 181
19 232
20 134
20 233
20 39
21 244
21 94
21 129
21 57
22 76
22 118
22 50
22 108
22 190
23 140
23 109
24 200
24 120
24 73
24 98
25 241
25 106
25 134
25 98
26 246
26 77
26 177
26 207
27 150
27 119
27 170
27 229
28 210
28 62
28 149
28 150
29 177
29 231
29 133
29 175
30 92
30 89
30 59
30 217
30 122
31 197
31 246
31 205
31 86
32 33
32 50
32 108
32 251
32 239
33 88
33 82
33 214
33 50
34 125
34 105
34 200
34 216
35 78
35 85
35 162
35 159
36 134
36 144
36 148
37 51
37 170
37 139
37 187
38 234
38 102
38 155
38 143
39 233
39 148
39 254
39 61
40 192
40 198
40 107
41 210
41 100
41 51
42 47
42 194
43 129
43 57
43 184
43 223
44 130
44 164
44 68
45 83
45 183
45 114
45 87
46 132
46 80
46 65
46 124
47 142
47 63
47 115
47 64
48 157
48 143
48 203
48 193
49 209
49 80
49 183
50 82
50 76
51 110
51 100
51 139
52 70
52 168
52 163
52 237
53 232
53 116
53 204
54 247
54 222
54 135
54 195
55 77
55 62
55 149
56 176
56 99
56 213
56 242
57 147
57 184
58 145
58 139
58 209
59 190
59 92
59 221
59 217
60 186
60 111
60 243
60 66
61 148
61 254
61 78
62 71
62 210
62 149
63 199
63 208
64 208
64 125
64 105
65 80
65 124
65 199
65 142
66 178
66 69
66 230
67 168
67 237
67 246
68 179
68 107
69 202
69 218
69 249
70 135
70 172
71 212
71 137
72 227
72 180
72 157
73 98
73 197
73 169
74 91
74 222
74 111
74 178
74 195
75 174
75 121
75 181
75 79
76 182
77 246
77 207
78 99
78 242
79 174
79 136
79 161
80 187
80 199
81 113
81 180
81 129
82 95
82 88
82 182
83 206
83 209
83 96
84 229
84 94
84 132
84 147
85 254
85 162
86 177
86 231
87 96
87 97
87 114
88 95
88 253
88 127
89 92
89 239
89 206
90 208
90 131
90 245
91 201
91 165
91 117
91 222
92 108
92 239
93 119
93 229
93 94
94 244
94 147
95 141
95 182
96 156
96 122
97 128
98 106
98 233
99 148
99 176
100 150
100 170
101 152
101 151
101 126
101 228
101 240
102 211
102 234
102 227
102 157
103 250
103 104
103 219
104 226
104 186
104 243
105 125
105 200
106 241
106 200
107 201
107 189
107 158
108 190
108 239
109 140
109 153
109 144
110 248
110 251
110 145
110 139
111 117
111 186
111 178
112 204
112 153
112 192
112 123
112 198
113 133
113 175
113 252
113 244
114 208
115 142
115 136
115 161
115 194
116 228
116 171
116 146
116 225
117 201
117 158
117 186
118 193
118 151
119 215
120 216
120 168
120 163
120 197
121 154
121 147
121 184
122 206
122 156
123 153
123 198
123 160
124 132
124 154
124 174
125 208
125 245
126 152
126 238
127 230
127 141
127 253
128 166
128 131
128 224
129 180
129 185
130 191
130 235
130 138
131 224
131 247
132 229
132 154
133 215
133 244
134 241
134 140
134 144
135 247
135 220
135 172
136 174
136 142
137 173
137 212
137 236
137 210
138 156
138 164
139 145
140 241
140 144
141 219
141 230
143 157
143 182
144 153
145 239
146 228
146 191
146 235
147 154
148 167
149 207
149 150
151 193
151 152
151 196
152 203
152 223
153 204
154 174
155 219
155 182
156 217
158 189
158 186
159 242
159 162
159 211
159 227
160 198
160 176
160 167
160 189
161 194
162 231
162 175
163 220
163 216
163 168
164 179
164 166
165 179
165 166
165 224
165 222
166 179
167 176
168 197
168 246
169 233
169 197
169 254
169 205
171 238
171 228
171 232
172 202
172 195
173 218
173 249
173 253
173 236
175 231
176 213
177 207
177 215
178 202
178 195
179 201
180 252
180 185
181 184
181 238
181 232
183 209
183 199
184 238
185 203
185 223
186 226
188 202
188 237
188 212
189 198
190 196
191 240
192 225
193 203
194 241
195 222
195 202
196 240
196 221
197 246
200 216
202 218
204 225
205 254
205 231
206 209
210 236
210 248
211 242
211 250
211 234
211 227
212 218
212 237
213 226
213 250
214 253
214 236
214 251
216 220
217 221
218 249
219 243
219 234
220 245
221 240
222 224
223 238
224 247
227 252
228 240
230 243
230 249
234 250
236 253
236 248
239 251
245 247
248 251
249 253
