64 142 7.71845
6.18116 4.67536
0.936023 6.09268
6.4763 7.36753
0.167342 1.87399
7.19601 6.93188
3.63364 6.59268
5.10025 5.31927
6.2021 6.55754
5.28645 2.43683
6.08875 2.79014
0.330228 5.48392
2.77115 6.62176
0.116583 6.34485
6.89674 4.21387
3.49431 3.72245
5.24206 3.3249
1.90866 3.30913
3.72598 7.47635
6.9563 3.30727
2.98486 0.300923
6.96536 6.0741
1.23465 6.92358
2.60286 3.93361
0.0830124 2.9019
0.0126694 3.84712
1.32109 5.28805
4.65622 1.76621
6.08789 0.468448
0.333518 7.2539
6.09788 3.72219
5.27096 1.00821
0.627521 4.59728
4.42283 3.80817
4.43029 2.81268
4.31485 4.8068
7.17134 5.12471
7.25907 0.141458
2.08948 0.672558
4.51077 6.904
2.80477 1.40323
2.3271 5.15191
5.295 6.2485
6.10192 5.60079
0.939073 3.48437
3.19636 5.74336
2.13645 7.35544
3.27882 4.68438
4.60813 0.226637
5.97846 1.75564
0.247166 0.908992
5.28423 4.36474
4.28226 5.86141
0.976963 2.41916
1.90371 6.14259
2.04407 2.15402
1.1173 0.226257
6.8889 1.14107
5.50376 7.31299
1.64726 4.30342
3.7895 0.954087
3.65115 2.08273
1.25916 1.34811
6.96539 2.27106
2.86849 2.91583
0 50
0 13
0 42
1 12
1 10
1 53
1 25
1 21
2 57
2 7
2 4
2 27
2 36
3 49
3 62
3 52
4 20
4 12
4 28
4 36
5 44
5 51
5 17
5 11
5 38
6 34
6 50
6 51
6 41
7 42
7 41
7 20
8 26
8 48
8 33
8 15
8 9
9 62
9 29
10 35
10 31
10 12
11 53
11 44
11 45
12 20
12 28
13 29
13 18
13 24
13 35
14 63
14 32
14 46
14 22
15 33
15 32
15 29
16 43
16 63
16 58
16 22
17 38
17 19
17 47
18 62
18 29
18 24
18 23
19 37
19 59
20 35
20 42
21 53
21 28
21 45
21 55
22 63
22 58
22 46
23 62
23 52
23 24
24 43
24 31
25 31
25 58
25 53
26 30
26 60
27 57
27 30
27 56
28 36
28 55
29 50
30 47
30 48
31 58
32 33
32 34
32 50
33 60
34 46
34 51
36 56
36 49
37 45
37 55
37 61
37 39
38 51
38 41
38 57
38 47
39 59
39 54
39 60
40 58
40 46
40 53
40 44
41 42
41 57
43 52
43 58
44 46
47 57
47 59
48 56
48 62
49 56
49 55
49 61
52 61
52 54
54 61
54 63
55 61
56 62
59 60
60 63
