64 145 7.71696
3.25997 0.470932
1.76245 1.12549
1.81303 5.16734
2.47167 0.18871
3.78749 1.12321
7.50981 6.87998
2.47017 6.10093
5.94516 2.45822
6.50064 3.94528
2.68679 2.67452
2.61936 1.04289
2.9526 4.38496
1.10198 6.98183
0.012674 1.71323
6.67152 3.06542
4.15222 1.92629
3.02224 3.49262
6.54329 0.764247
5.02935 1.65312
2.69374 5.24526
4.4611 5.79547
3.78286 4.01263
7.4724 0.824311
4.6294 0.815918
5.01782 7.50651
0.294427 4.44675
2.15759 1.92707
0.485867 6.28844
1.25304 4.45393
7.07261 4.66827
7.03973 7.6724
5.39817 5.55366
5.97816 1.53186
4.0673 0.0328194
7.39856 3.68875
4.75622 4.79486
5.75959 3.3749
5.58489 0.605631
4.34195 6.77447
0.752639 5.32614
5.34902 6.5606
7.46256 5.60507
6.6489 6.47451
3.1696 1.84345
6.83445 2.09495
6.41668 5.44708
5.77593 4.58919
0.90902 2.13733
7.7144 2.70298
1.49733 6.07752
2.10501 3.89041
4.98313 2.65268
3.16891 7.22442
2.09902 6.99781
6.04503 7.36852
1.70929 2.87048
1.49052 0.191836
4.76262 3.73334
3.46273 6.15437
0.771063 3.50635
0.775442 1.04794
0.37886 7.69466
3.71739 5.05484
3.88987 2.92934
0 52
0 3
0 10
0 4
0 33
1 60
1 56
1 10
1 26
2 28
2 49
2 19
3 53
3 52
3 56
3 10
4 23
4 43
4 15
5 27
5 42
5 30
5 61
6 49
6 58
6 19
6 53
7 32
7 44
7 51
7 36
8 36
8 34
8 46
8 29
9 26
9 43
9 55
9 16
10 43
11 16
11 50
11 62
11 21
11 19
12 27
12 49
12 61
12 53
12 56
13 22
13 60
13 44
13 47
13 48
14 44
14 36
14 34
15 43
15 18
15 63
16 63
16 50
16 21
17 30
17 37
17 22
17 32
18 23
18 32
18 51
19 62
20 62
20 31
20 38
21 57
21 62
22 30
22 61
22 60
23 33
23 37
24 38
24 54
24 40
24 33
24 37
25 34
25 59
25 29
25 28
25 39
26 43
26 55
27 41
27 39
27 49
28 59
28 50
28 39
29 45
29 41
30 54
30 61
31 35
31 46
31 45
31 40
32 37
32 44
33 52
33 38
34 48
35 57
35 62
35 46
36 57
36 51
37 54
38 58
38 40
39 41
39 49
40 54
41 45
42 45
42 54
44 48
45 46
47 60
47 48
47 55
48 59
49 53
50 55
51 63
51 57
52 58
52 53
53 56
55 59
56 61
56 60
58 62
60 61
