128 288 10.8537
2.05535 5.58072
9.90313 9.59178
8.68874 0.202169
9.78564 8.13728
7.36133 5.36083
1.27892 5.88333
0.0277102 4.95186
5.83091 3.54605
6.35426 8.15213
10.5806 2.40397
3.88223 9.58363
3.03801 9.73708
6.42492 6.92057
4.07396 3.17675
3.73517 6.61409
1.45795 2.80759
0.9748 9.33926
4.1928 0.27623
7.75251 9.39791
9.19784 6.79492
6.25662 10.7393
10.3493 3.24139
7.00548 7.57528
7.89055 7.76556
8.82328 1.04856
10.2961 10.3597
5.98644 0.732088
9.93018 7.29197
1.55869 1.26681
0.958869 6.69666
6.12692 1.6249
7.01504 1.9515
3.31232 3.63027
5.37519 0.0352743
8.60432 2.95541
6.83746 1.0568
8.50196 4.06379
2.46617 9.05468
5.28218 1.97845
1.86525 4.7253
0.44629 8.61204
7.06262 2.86947
3.60547 10.4349
2.47192 4.01735
7.80809 3.43786
7.86626 2.37908
0.0600006 6.94065
4.56311 6.0595
9.28223 4.58896
5.52082 4.38902
9.54677 0.463786
8.28892 6.9311
3.2916 0.474058
9.32693 8.90015
8.65228 9.57683
10.369 8.82236
3.77178 4.45961
3.7575 5.52684
4.72244 9.21926
2.34178 3.06992
2.72139 7.12607
7.14892 0.165524
6.34924 9.07492
1.82955 7.53823
1.91362 6.54688
10.6648 7.88422
3.953 1.17679
2.35545 0.75451
2.64654 8.11184
8.40968 5.02809
5.69094 5.35396
7.33396 6.68654
0.946209 5.01661
8.05599 5.97385
8.77613 2.00121
3.62202 7.55723
0.449221 4.11794
0.0788975 9.64293
4.62869 3.94498
10.0044 5.25966
0.737089 0.75765
8.33067 8.62793
6.72874 3.79581
6.5775 4.83169
2.08781 2.08547
3.23574 2.59601
9.64267 2.57467
0.522288 10.5858
3.00072 1.56323
10.8398 1.48663
3.48513 8.71236
5.48008 8.54699
2.59811 10.5962
9.31489 10.3379
9.37487 3.58654
0.816202 7.67697
6.08965 2.61577
5.64758 7.49651
0.907094 2.01281
7.56649 4.42444
8.91296 7.7395
10.572 0.451938
10.2452 4.22389
9.1014 5.81608
4.60848 10.242
1.5783 8.55686
4.45075 8.21652
1.55493 0.0654489
10.0885 6.31564
1.46647 3.79102
1.82103 9.84092
7.2556 8.54238
5.54288 6.40578
5.04945 2.97053
6.57197 5.94031
0.486267 3.04099
2.85942 4.97488
2.88114 6.0977
5.67969 9.90512
7.98492 10.3788
4.99972 0.987103
4.67694 5.01939
4.61201 7.10434
0.287053 5.91366
7.83964 1.32595
9.74231 1.49113
6.91696 9.9722
4.25531 2.18466
0 39
0 5
0 117
1 53
1 55
1 93
1 25
2 119
2 93
2 50
2 24
3 100
3 65
3 27
3 53
3 55
4 99
4 114
4 83
4 73
5 123
5 72
5 29
5 64
6 102
6 76
6 79
6 123
6 72
7 113
7 96
7 49
7 82
8 97
8 22
8 91
8 62
8 111
9 89
9 86
9 21
9 115
10 90
10 58
10 42
10 11
10 104
11 37
11 92
11 42
12 114
12 71
12 97
12 22
13 127
13 113
13 32
13 78
14 117
14 122
14 75
15 98
15 84
15 115
15 59
15 109
16 77
16 40
16 105
16 110
17 42
17 104
17 52
17 66
18 111
18 81
18 54
18 126
18 119
19 103
19 51
19 100
19 27
20 118
20 126
20 33
20 26
20 61
21 86
21 115
21 102
22 71
22 111
23 51
23 111
23 81
24 50
24 124
24 74
24 125
25 77
25 93
25 101
26 120
26 35
26 30
27 108
27 65
28 80
28 67
28 98
28 84
29 123
29 46
29 95
30 35
30 38
30 96
31 35
31 124
31 41
32 43
32 56
33 104
33 118
33 120
34 45
34 74
34 44
34 94
35 61
35 124
36 44
36 94
36 99
36 48
36 69
37 68
37 105
37 110
38 120
38 127
38 113
39 109
39 43
39 72
39 116
40 65
40 95
40 55
41 45
41 96
41 44
41 82
42 104
42 52
43 59
43 109
43 116
44 99
45 124
45 74
46 123
46 108
46 65
47 121
47 57
47 122
47 112
48 94
48 102
48 69
48 79
49 78
49 121
49 70
50 93
50 101
50 125
51 73
51 71
51 100
52 92
52 67
52 66
53 54
54 81
54 119
54 93
55 65
55 77
56 78
56 116
56 121
57 116
57 121
57 117
58 106
58 91
58 104
59 84
59 85
60 64
60 117
60 63
60 68
60 75
61 126
61 119
62 91
62 111
62 118
62 126
63 64
63 95
63 68
63 105
64 117
65 95
66 120
66 88
66 127
67 92
67 107
67 88
68 90
69 99
69 73
69 103
70 121
70 114
70 83
70 112
71 114
71 73
72 76
73 103
74 125
74 86
75 122
75 106
76 115
76 102
76 109
77 87
78 113
78 121
79 102
79 103
79 108
80 87
80 101
80 107
80 89
81 100
81 111
82 99
82 83
83 99
84 88
85 88
85 127
86 125
86 94
87 101
87 107
89 101
89 125
89 98
90 106
91 106
91 97
92 110
92 107
94 102
96 113
97 122
97 112
98 115
103 108
104 118
106 122
107 110
108 123
112 114
113 127
116 117
119 126
