253 576 15.3315
2.15428 10.4625
12.1515 0.780516
7.46254 9.14987
6.64328 8.99151
4.82854 4.52219
4.13818 4.05537
10.3775 14.3535
6.44555 6.52353
4.35204 1.77558
11.9779 13.6751
7.85062 7.65169
1.70854 12.8882
5.87878 9.32873
0.0257601 4.39209
2.20596 13.5679
0.711745 2.71302
11.3373 3.42347
9.4349 12.7505
13.414 14.6354
10.5269 3.68898
4.92633 12.7909
8.17411 4.94418
6.26491 8.23881
2.68135 14.2724
9.00717 4.74531
7.66431 3.42831
14.4493 6.10573
14.9011 5.38005
15.0342 1.06046
3.71006 12.5704
2.2397 1.77031
3.81563 10.0131
10.696 2.84275
3.61875 3.37444
13.1305 12.2263
5.4013 8.13707
6.97629 13.3104
8.05225 6.81529
14.2832 14.767
1.34829 13.6737
12.4908 12.9795
5.85595 3.90553
8.42986 14.3816
2.0369 2.62753
13.645 4.94487
11.92 9.46326
10.0946 0.984709
12.148 14.5202
9.96422 6.06927
3.54942 14.1851
13.6107 5.83322
7.20442 14.1716
9.02122 8.97064
1.99966 9.61825
5.65976 4.76933
12.245 12.119
10.9788 11.928
0.600153 11.7213
10.7929 4.52795
7.56287 4.30786
12.3596 7.84343
9.73567 10.9092
1.8102 14.4467
9.90748 9.16567
3.52263 6.02079
4.00998 0.973231
12.1897 3.19203
1.56121 5.26349
10.8475 13.6138
14.7433 13.4078
11.2486 14.4434
2.92539 6.71544
12.6946 3.9533
11.5376 2.55442
15.2598 12.621
14.6481 0.257251
8.06154 11.7472
9.64072 8.29341
3.88898 2.51995
9.13804 11.9052
12.5009 2.2889
9.17473 5.61844
0.0471128 6.13734
8.27389 9.5102
5.06361 8.97528
14.4861 4.59864
5.39462 12.02
1.36561 8.96254
13.9643 13.9204
1.59241 11.9999
9.64134 0.18173
0.862842 12.6082
13.7194 0.153107
1.32539 2.05126
11.8703 5.2985
6.38947 1.35747
8.72473 15.2579
9.90664 13.596
12.7281 4.88922
10.0647 11.7765
13.2708 7.72212
4.13677 9.16056
15.1398 2.71811
5.05688 1.22325
12.8508 13.9196
0.43304 3.58091
11.6304 8.42454
7.69373 2.51819
14.8468 6.93118
8.52955 12.6228
7.31012 6.25646
5.66409 1.98372
12.5444 8.7681
2.4446 15.1553
2.33166 11.353
12.6727 5.8566
7.18846 8.2734
13.0209 1.04483
2.96245 2.71127
15.0889 14.2984
7.88852 13.5194
5.1238 11.0923
6.65833 12.1724
5.77234 2.97329
10.6828 11.0259
3.72313 15.1099
7.30693 5.26811
9.77408 2.93004
2.11243 0.842013
14.7421 8.80032
9.41326 2.00412
2.18114 4.54254
4.46055 14.4335
14.0167 1.07574
7.55724 12.5751
14.1569 2.80376
4.43841 6.30907
1.12668 6.11981
13.4198 13.1193
0.400118 8.9783
2.30672 8.70802
13.0619 9.62117
8.42738 1.77162
14.5931 1.89518
5.196 13.6937
8.23392 5.88225
10.7349 6.62799
4.97375 5.44012
4.85648 2.55852
11.7921 1.62578
8.16124 8.53407
11.645 0.00366598
9.13987 1.03184
6.10715 11.3397
12.352 10.3548
2.88309 5.28607
9.92749 4.97687
1.40002 3.34297
0.249216 10.8136
4.12646 10.9141
11.3234 10.2234
4.40976 11.9179
6.99499 7.27848
3.11793 13.3209
4.88169 7.23851
2.4049 3.54576
15.2114 9.85351
4.94957 3.58506
6.60634 4.51672
1.17176 4.3539
6.71212 3.46606
8.91059 13.5496
10.6075 15.2634
13.1571 3.02552
0.395262 13.4955
4.43613 8.19266
13.5239 10.5503
3.1047 0.592273
13.8377 11.5587
7.82757 10.4063
6.24548 13.9424
14.7538 3.64605
11.7547 4.29144
1.45073 0.0428448
9.00626 6.60184
10.397 12.7242
3.38273 11.6629
5.94042 7.33272
11.0686 0.883593
12.8038 11.3105
14.2664 12.5321
0.0641619 7.99719
2.17073 6.05612
8.4905 3.92836
3.08239 10.6397
10.2729 10.0819
12.6703 6.89215
2.98384 9.51047
1.15271 7.97397
4.18228 13.4227
7.1696 11.2626
1.67346 7.01559
1.09493 1.05775
10.6387 8.12489
11.7422 6.31597
9.18872 9.95881
8.12554 0.751438
5.49269 6.35234
10.5769 1.86042
7.38922 1.53815
13.4797 1.98832
0.319875 1.82277
12.7158 1.81435e-06
9.58677 3.95861
13.7078 3.94626
9.42095 14.5057
4.7933 9.96604
6.87263 9.92794
3.19403 4.26636
11.4657 7.39164
8.73418 10.9728
5.9124 12.9072
13.5939 8.69975
14.9202 11.6537
0.791061 14.5067
13.7781 6.82688
0.543204 5.23176
5.83821 10.3112
2.55399 7.66767
8.82329 7.68241
6.28532 5.56038
7.70109 15.0621
2.55891 12.3885
14.3064 7.8282
10.9357 9.2032
6.64846 2.3734
11.7191 11.2379
14.1441 9.67407
0.565848 7.02744
4.6962 0.217218
5.48227 14.7301
3.7831 7.29929
3.95854 5.08691
6.58757 14.9913
9.88563 7.28485
0.350977 0.222035
11.4943 12.8101
10.8534 5.55481
5.81007 0.491645
3.36241 8.45255
8.70678 2.82698
3.25512 1.68614
1.32275 10.9849
0 53
0 252
0 114
0 194
1 151
1 212
1 117
1 149
2 3
2 150
2 217
2 83
3 22
3 12
3 116
3 217
4 5
4 167
4 147
4 54
5 33
5 218
5 167
6 97
6 68
6 215
6 172
6 70
7 230
7 207
7 110
7 187
7 162
8 65
8 103
8 78
8 148
9 246
9 104
9 40
9 47
10 37
10 162
10 229
10 150
10 116
11 91
11 89
11 232
11 39
11 14
12 84
12 227
13 181
13 85
13 105
13 226
14 39
14 163
14 23
15 211
15 93
15 102
15 157
15 105
16 73
16 32
16 66
16 19
16 182
17 109
17 79
17 185
17 171
18 104
18 88
18 212
18 92
19 32
19 213
19 58
20 86
20 221
20 199
20 144
21 59
21 145
21 126
21 24
22 35
22 187
22 116
23 62
23 113
23 49
24 193
24 213
24 81
24 156
25 170
25 107
25 59
25 193
26 50
26 27
26 225
26 108
27 85
27 226
27 82
28 75
28 143
28 211
29 186
29 161
29 163
29 199
30 128
30 251
30 43
31 101
31 197
31 216
31 194
31 159
32 208
32 127
32 73
33 118
33 78
33 218
34 189
34 178
34 55
34 138
35 175
35 187
35 84
36 134
36 180
36 120
36 51
37 145
37 110
37 184
38 88
38 119
38 92
38 75
39 174
39 224
39 62
40 246
40 55
40 138
41 123
41 170
41 167
41 168
41 54
42 171
42 231
42 215
42 96
43 93
43 157
43 118
44 214
44 85
44 98
44 50
45 234
45 112
45 160
46 152
46 90
46 188
46 208
47 104
47 70
47 151
47 212
48 81
48 247
48 146
49 163
49 199
49 132
49 125
50 115
50 225
51 180
51 120
51 243
51 231
52 150
52 77
52 63
52 205
52 83
53 140
53 87
53 197
54 168
54 147
54 230
55 236
55 189
55 246
56 99
56 236
56 124
56 185
56 246
57 223
57 158
57 252
57 91
58 182
58 156
58 247
59 168
60 196
60 219
60 100
60 106
60 112
61 195
61 220
61 99
61 124
62 224
62 183
63 77
63 234
63 195
64 155
64 242
64 71
64 136
65 177
65 239
65 251
66 73
66 173
66 72
67 169
67 131
67 226
67 137
67 192
68 185
68 246
68 97
68 70
69 190
69 88
69 174
69 119
70 151
71 192
71 228
71 241
72 182
72 214
72 98
73 149
74 223
74 190
74 91
74 174
75 92
75 245
76 200
76 220
76 134
77 229
77 244
77 203
78 251
78 118
78 148
79 220
79 99
79 109
80 149
80 210
80 173
81 145
81 156
81 184
82 226
82 108
82 238
83 150
83 179
83 205
84 175
84 101
84 216
85 214
85 181
86 121
86 153
86 161
86 221
87 198
87 139
87 140
88 138
89 252
89 91
89 232
90 215
90 96
90 172
90 152
91 174
92 212
92 133
93 202
93 211
94 182
94 247
94 98
94 204
95 248
95 111
95 209
95 235
96 231
96 215
96 206
97 185
97 171
97 215
98 115
99 124
99 185
100 196
100 225
100 233
100 222
101 175
101 249
101 216
102 143
102 211
102 135
102 181
103 248
103 111
104 138
105 157
105 181
106 219
106 203
106 234
106 112
107 209
107 235
107 250
108 238
108 233
109 134
109 171
110 145
110 126
111 148
111 235
112 222
112 141
113 183
113 177
114 252
114 194
114 232
115 204
115 196
116 162
116 150
117 133
117 210
118 251
118 165
119 174
119 224
120 134
120 171
121 227
121 159
121 153
122 153
122 200
122 221
122 134
123 148
123 235
123 167
124 195
124 236
125 132
125 177
125 239
126 168
126 230
127 130
127 250
127 213
128 202
128 183
128 177
129 233
129 191
129 139
129 237
130 152
130 142
130 250
131 169
131 218
131 165
131 155
132 199
132 240
133 210
133 143
135 210
135 143
135 173
135 181
136 147
136 207
136 164
137 226
137 238
137 201
137 192
138 190
139 191
139 166
140 228
140 249
140 197
141 222
141 154
141 237
141 176
142 152
142 209
142 250
143 211
144 221
144 199
144 240
146 247
146 204
146 244
146 219
147 242
147 207
148 167
149 188
150 229
151 172
151 188
151 212
152 206
153 227
153 200
154 160
154 236
154 189
155 218
155 242
155 192
156 213
156 247
157 169
157 165
158 166
158 223
158 252
159 186
159 161
160 234
160 195
160 236
161 186
162 187
163 232
163 199
164 207
164 241
164 175
164 187
165 218
166 237
168 170
168 230
169 226
170 235
171 215
172 188
173 210
173 214
174 224
175 241
175 249
176 237
176 189
176 178
177 251
178 189
178 223
178 190
179 217
179 200
179 220
180 221
180 240
180 243
181 214
183 224
183 245
183 202
184 229
184 244
185 246
186 194
186 232
187 207
188 208
189 236
190 223
191 238
191 233
191 198
192 201
193 250
193 213
195 234
195 205
196 204
196 225
197 249
198 238
198 201
201 238
201 228
202 245
202 211
203 244
203 219
203 234
204 219
205 220
206 231
206 209
207 230
209 235
216 227
217 227
218 242
222 233
222 237
224 245
225 233
228 249
229 244
231 243
239 240
239 248
240 243
240 248
243 248
