126 284 10.8933
0.150581 1.14378
2.87227 9.00449
7.16412 4.68466
2.27181 6.98253
4.60179 1.14893
8.87233 2.47537
2.65442 10.5291
3.85869 0.760298
9.87499 5.75183
3.87176 9.13374
3.85432 7.45865
0.531474 10.0913
9.1121 0.727702
0.867014 10.8769
6.8778 7.57908
5.77227 9.37382
9.14559 9.62908
2.69694 7.72333
5.44984 5.33541
8.0414 2.24804
7.74383 7.67957
10.7751 7.42745
0.766024 7.49434
3.98761 2.9224
6.40767 4.268
8.35726 8.32348
8.04854 3.13229
0.585139 3.75019
9.88395 3.91722
6.51063 8.3836
0.283725 2.66131
6.32763 5.16752
4.21551 9.94954
10.6361 3.39783
1.41312 10.1727
4.80536 2.00957
5.68484 2.30554
0.92673 8.3899
8.1901 4.02836
7.15066 0.132265
1.27459 9.25774
8.11441 6.00192
2.03838 8.71884
8.89332 7.58694
2.7763 1.59789
8.24467 6.91877
1.89568 1.25822
0.00745178 0.26241
2.77561 5.17437
9.88744 4.85202
3.38609 5.91057
8.9807 4.54406
4.76786 4.71608
4.86903 7.24283
3.16625 6.85518
2.44711 4.27317
1.01209 0.886883
4.59874 0.219548
1.50949 3.98465
7.21826 2.68342
7.44497 8.56567
1.37906 6.7764
6.56873 1.94647
9.84513 7.54834
8.55233 1.46626
10.5158 10.2597
3.2585 9.82975
9.49568 1.79505
8.97135 5.53492
1.78213 4.99699
10.7351 4.35838
4.32542 5.58695
3.66907 10.7448
4.34184 3.82408
0.380122 6.61893
2.24816 9.68483
3.45188 8.29549
4.12988 6.57271
8.52192 10.3449
7.51212 10.1267
0.800101 4.69954
10.4724 8.33876
10.2431 6.61679
5.60842 0.294154
7.19346 5.62719
5.52235 1.33686
2.25032 3.28596
4.48466 8.17553
5.52771 8.35906
10.5202 1.92714
2.00946 2.25539
4.83051 9.1702
5.13379 6.25626
9.86287 2.76984
7.25872 6.68722
4.96814 2.99128
8.06514 5.00943
1.22367 2.98943
1.71527 7.76264
10.0683 9.32064
9.34026 8.5047
7.23437 3.71962
0.972216 1.92481
9.00639 3.43687
6.34224 10.3982
3.05203 2.57367
0.259798 9.15691
5.46207 3.95806
2.89825 0.584439
5.20495 10.1922
6.49894 0.899337
6.76131 9.3648
8.20197 9.31036
7.48902 1.41445
3.28615 3.65532
10.0896 0.909695
3.71172 4.70456
5.91696 7.30683
2.14703 6.00933
3.81034 1.75181
6.26284 3.16256
1.84055 0.214167
9.54818 10.7166
1.02611 5.76287
6.24826 6.20329
8.1358 0.472269
0 115
0 56
0 47
0 89
1 76
1 42
1 75
1 66
2 101
2 24
2 84
2 96
3 118
3 61
3 54
3 98
3 17
4 7
4 119
4 35
4 85
5 19
5 67
5 103
6 75
6 66
6 121
6 108
7 72
7 108
7 57
7 119
8 68
8 49
8 82
9 76
9 91
9 66
9 32
10 54
10 77
10 76
10 87
11 106
11 65
11 13
11 34
12 122
12 125
12 115
12 64
13 34
13 56
13 47
13 121
14 94
14 117
14 29
14 20
15 91
15 111
15 109
16 112
16 99
16 78
17 98
17 76
18 52
18 31
18 92
19 113
19 64
19 59
19 26
20 45
20 25
20 60
21 82
21 74
21 81
21 63
21 22
22 74
22 61
22 37
22 98
23 105
23 95
23 114
24 107
24 101
24 31
25 43
25 112
25 60
25 100
26 59
26 103
26 101
26 38
27 33
27 97
27 70
27 80
28 103
28 33
28 70
28 49
29 88
29 111
29 60
30 89
30 102
30 33
30 97
31 84
31 124
32 91
32 66
32 72
32 109
33 93
33 70
34 40
34 75
34 121
35 119
35 85
35 36
35 95
36 85
36 62
36 95
36 120
37 98
37 106
37 40
38 103
38 101
38 51
38 96
39 104
39 79
39 110
39 125
40 106
40 42
41 84
41 96
41 68
41 45
42 98
42 75
43 45
43 63
43 100
44 108
44 90
44 46
44 119
44 105
45 94
46 56
46 121
46 90
47 65
47 115
48 55
48 116
48 118
48 50
49 51
49 70
50 71
50 54
50 77
51 96
51 68
52 116
52 73
52 107
52 71
53 77
53 92
53 87
53 117
54 77
55 86
55 58
55 114
55 69
56 121
56 102
57 72
57 83
58 97
58 86
58 80
59 62
59 120
59 101
60 111
60 112
61 123
61 74
61 98
62 110
62 113
63 82
63 81
64 125
64 113
64 67
65 99
65 122
66 75
66 72
67 115
67 89
67 93
68 96
69 80
69 123
69 118
70 80
71 116
71 77
71 92
72 108
73 95
73 114
73 116
74 123
74 82
76 87
77 92
78 112
78 79
78 122
78 125
79 111
79 112
80 123
81 99
81 106
83 109
83 104
83 110
83 85
84 96
84 124
84 94
85 110
86 90
86 97
86 105
86 114
87 88
87 91
88 91
89 115
89 93
90 102
90 97
90 105
91 109
92 124
93 103
94 124
95 107
97 102
99 100
99 106
101 120
104 111
105 119
105 114
107 120
108 121
110 113
113 125
114 116
117 124
118 123
