128 286 10.8431
1.93997 0.898413
1.89573 2.44774
3.73558 1.97498
8.38412 3.42978
0.79878 9.186
2.3125 10.1456
8.77714 10.5009
6.34913 2.8666
5.14055 10.1102
5.0137 7.6157
10.806 2.62862
9.92988 5.80516
2.98457 2.37466
10.7163 0.886192
8.11302 2.62093
9.94367 2.60669
5.52809 2.60848
5.12395 9.24952
7.93202 9.64264
7.00015 1.22798
3.67621 0.337109
0.13531 5.78413
1.52749 8.30974
9.15514 1.39067
1.02645 5.80626
3.12201 9.21708
0.45104 3.35535
1.11338 9.99796
1.96172 5.79212
0.759389 0.829427
0.639979 10.7705
8.88846 4.22812
0.563314 4.99361
5.363 4.46842
10.3595 3.39492
3.16937 3.80908
4.49965 4.77451
9.85754 7.54819
3.05049 7.51221
1.48673 5.01715
0.87207 2.54614
4.09118 3.95165
10.5698 10.8427
0.553512 6.59512
10.4547 6.53416
1.50864 3.2413
1.50175 6.5988
2.0578 4.01811
10.4218 5.05297
3.55315 8.39747
1.00881 7.42695
8.74672 0.560244
5.88671 7.37589
8.19061 6.69157
0.604557 8.30145
8.74771 5.89719
7.23197 4.98961
4.32073 10.5098
7.79428 0.751421
2.47967 3.14694
7.77023 5.81369
2.38144 1.68515
6.9576 0.229145
8.33513 5.00626
0.0309968 4.1992
6.74483 4.12559
3.18013 5.67791
5.3156 1.50681
5.83027 3.63181
3.49567 4.72191
9.3294 5.09331
3.66785 6.56274
9.69356 10.4269
6.98102 10.0647
7.30455 2.12575
6.77384 5.87889
3.24083 1.18759
9.86317 4.23214
0.0166353 7.42934
7.79634 4.15916
4.19642 5.69597
7.85173 10.5951
9.0266 2.34607
4.63149 2.26598
0.291216 1.74034
2.00247 7.46654
9.32682 3.34599
4.84925 3.29893
2.47858 4.92894
8.22812 1.66493
10.0906 1.65405
1.05294 4.12977
8.89634 9.55283
4.0552 7.51788
9.45157 6.63512
6.20259 5.00341
4.5547 8.46226
7.16988 9.03741
5.84044 6.35766
5.2291 5.46506
9.77364 0.626332
6.27727 1.90276
6.10548 0.82283
2.68401 0.293747
1.63404 10.8386
1.34584 1.64917
6.83034 6.93817
5.62973 8.39231
8.18703 8.63414
0.123209 9.89714
9.97676 9.41661
4.15165 9.47505
7.7155 7.61878
10.4175 8.40466
2.52784 8.40232
5.10211 0.362101
8.8249 7.52522
9.30184 8.53167
6.02654 10.5535
2.6034 6.57456
4.30912 1.1665
1.82689 9.2802
6.6871 8.05223
6.11886 9.41091
3.30444 10.2185
3.78816 2.96782
7.28902 3.20268
4.75483 6.64265
0 104
0 103
0 105
0 61
1 105
1 61
1 45
1 59
2 76
2 120
2 12
2 83
2 125
3 14
3 86
3 79
4 54
4 109
4 27
5 121
5 104
5 124
6 92
6 81
6 72
6 51
7 101
7 16
7 126
7 68
8 17
8 57
8 118
9 127
9 93
9 52
9 96
10 84
10 34
10 15
10 26
11 70
11 48
11 94
11 44
12 61
12 59
12 125
13 42
13 100
13 29
13 84
14 89
14 74
14 82
14 126
15 82
15 90
15 86
15 34
16 83
16 87
17 107
17 111
17 96
17 123
18 97
18 92
18 81
19 102
19 58
19 101
19 74
20 57
20 103
20 76
21 48
21 32
21 24
21 44
21 43
22 54
22 85
22 114
22 121
23 51
23 100
23 89
23 82
23 90
24 39
24 43
24 46
25 114
25 49
25 124
26 40
26 91
26 64
27 121
27 109
27 30
27 104
28 39
28 46
28 119
29 30
29 105
30 42
30 109
30 104
31 86
31 77
31 63
32 91
32 64
32 39
33 36
33 68
33 99
33 95
34 77
34 64
35 59
35 69
35 41
36 41
36 80
36 99
37 94
37 116
37 113
38 119
38 114
38 93
39 91
39 88
40 84
40 105
40 45
41 125
41 87
41 69
42 72
42 109
42 100
43 44
43 46
43 78
43 50
44 94
44 78
45 91
45 47
46 85
47 59
47 91
47 88
48 77
48 64
49 114
49 93
49 96
50 78
50 54
50 85
51 58
51 100
52 98
52 106
52 122
53 60
53 55
53 112
53 116
54 113
55 63
55 60
55 70
55 94
56 65
56 79
56 95
56 75
56 60
57 111
57 124
57 115
58 81
58 62
58 89
60 75
60 63
61 76
61 105
62 118
62 73
62 81
62 102
63 79
63 70
64 77
64 91
65 126
65 95
66 69
66 88
66 80
66 119
66 71
67 120
67 102
67 83
67 101
68 87
69 88
70 77
71 80
71 119
71 127
71 93
72 110
72 100
73 123
73 97
73 118
73 81
74 101
74 89
74 126
75 95
75 98
75 106
76 103
76 120
77 86
78 113
79 126
80 99
80 127
82 89
82 86
83 125
83 87
84 90
84 105
85 119
85 114
87 125
90 100
92 117
92 110
93 127
93 96
94 116
95 99
96 107
96 111
97 122
97 123
97 108
98 99
98 127
101 102
102 118
102 115
103 104
103 124
106 122
106 112
107 122
107 123
108 112
108 117
109 110
110 113
110 117
111 124
112 122
112 116
113 117
114 121
115 118
115 120
116 117
118 123
