127 288 10.8564
9.43432 8.84395
1.04845 7.61279
9.64168 10.6858
0.570146 3.96407
6.7317 6.14685
3.11544 10.7069
2.20353 2.28501
6.33387 5.39897
1.12337 10.1622
7.42913 0.862537
7.41134 7.0423
3.89969 10.3753
5.12115 5.41051
2.14706 1.2388
1.49402 1.8112
0.894177 8.66861
4.76935 10.4385
1.63057 6.23287
3.21694 7.07784
9.65335 4.19094
2.94289 2.74002
0.935315 5.70669
8.29503 0.734783
2.15754 3.14794
9.55279 2.39785
9.13217 3.4699
2.88462 3.66035
5.28616 9.58963
2.42946 0.398214
4.69743 8.7786
7.45527 8.98617
10.7907 1.28763
3.75536 3.42193
4.38472 9.63627
6.62159 4.51885
10.4587 2.28601
5.72672 4.75797
6.53907 9.08654
5.0997 7.00525
2.09336 5.45641
10.5589 4.12395
7.94688 1.59629
10.1048 7.89057
5.6678 7.7438
4.69276 7.85108
6.13823 9.93441
7.21412 5.24782
9.18226 5.22031
2.69785 7.83956
3.29937 0.732443
1.4196 3.69111
3.60264 6.23837
6.67364 10.7303
9.88922 1.53441
4.15808 7.01947
7.67695 4.40285
7.09326 9.8592
1.32382 2.72332
8.09962 3.50526
0.844046 6.72474
9.15106 7.97599
3.18771 9.78866
4.79101 4.54116
10.2942 0.472484
5.65085 8.71261
8.91353 1.69259
4.01955 1.3986
6.5141 2.64267
9.81687 5.96954
0.462932 9.50416
8.64002 2.65967
1.4968 0.160298
6.57405 8.11764
5.51334 2.78041
8.19776 5.25422
0.214495 8.02386
10.1453 5.01143
8.7105 10.7192
0.303763 3.06604
3.0744 5.38726
7.66812 6.13557
3.69659 7.90392
2.47088 4.53819
3.72665 8.92848
7.67567 10.8038
4.85045 1.99312
10.8475 5.93421
6.94849 1.68537
0.560666 2.04993
8.69266 4.33995
4.25898 0.403196
1.76423 8.24183
8.41963 7.24472
5.65897 10.8208
5.8941 1.81124
2.59368 6.32884
9.28571 0.723221
6.31131 0.824514
9.27307 9.7932
1.41819 4.71183
6.43812 7.07206
3.87936 2.43301
4.75262 3.50278
1.91142 7.17502
7.625 7.99206
10.0995 3.22861
0.902012 1.02317
4.14519 5.36704
0.345679 4.91118
1.62874 9.32309
2.65062 8.87904
10.4137 8.8798
3.01335 1.73427
5.92569 3.76125
3.55733 4.41969
5.19979 0.960307
2.23985 10.2525
7.03733 3.57414
8.45074 8.73674
10.6821 7.01766
7.58077 2.57529
10.3723 10.0182
8.75632 6.18275
9.54558 7.00356
0.404168 0.00285991
5.73797 6.19769
8.1448 9.80834
0 60
0 118
0 111
0 98
1 59
1 103
1 75
1 91
2 98
2 77
2 121
2 96
2 63
3 78
3 40
3 50
3 108
4 7
4 125
4 100
4 80
5 116
5 61
5 11
5 49
5 28
6 14
6 112
6 23
6 20
7 36
7 46
7 125
8 69
8 109
8 124
8 71
9 84
9 22
9 87
9 41
10 100
10 80
10 104
11 33
11 61
11 90
12 62
12 36
12 107
12 125
13 28
13 14
13 112
14 106
14 88
14 57
15 75
15 91
15 69
15 109
16 33
16 93
16 90
17 21
17 39
17 59
17 103
17 95
18 95
18 51
18 48
18 81
19 25
19 89
19 40
19 76
20 112
20 23
20 101
21 86
21 108
22 77
22 96
23 57
23 50
23 26
24 65
24 53
24 35
24 70
24 105
25 70
25 105
25 89
26 32
26 114
26 82
27 33
27 64
27 45
28 116
28 71
28 49
29 44
29 83
29 33
29 64
30 104
30 37
30 118
30 56
31 63
31 106
31 53
31 88
32 102
32 101
32 114
33 83
34 117
34 113
34 36
34 46
35 53
35 88
35 105
36 62
36 113
37 72
37 64
37 56
37 45
38 54
38 125
38 44
38 43
39 99
39 82
39 79
39 95
40 105
40 76
40 108
41 87
41 65
41 120
42 123
42 119
42 60
42 75
42 111
43 100
43 72
43 64
44 81
45 93
45 56
45 52
46 55
46 74
46 80
47 89
47 74
47 76
47 68
47 122
48 103
48 91
48 81
48 110
49 90
49 112
49 66
50 57
50 99
51 79
51 107
51 95
51 54
52 93
52 56
52 84
52 97
53 96
53 65
54 81
55 117
55 89
55 74
56 126
57 88
58 117
58 120
58 70
58 89
59 119
60 123
60 92
60 118
61 110
61 83
61 116
62 102
62 107
63 96
63 124
65 96
65 70
66 90
66 112
66 85
66 101
67 94
67 73
67 117
67 120
68 86
68 76
68 123
68 122
69 121
70 120
71 116
71 106
72 100
72 104
73 94
73 85
73 102
73 113
74 89
74 80
74 122
75 119
75 111
76 108
77 126
77 84
77 96
78 88
78 105
79 114
79 82
79 107
79 95
80 122
81 83
82 99
82 114
83 110
84 126
85 115
85 94
85 101
86 108
86 119
87 97
87 94
87 120
88 106
90 115
91 103
91 109
91 110
92 122
92 104
93 115
93 97
94 115
94 97
95 103
98 126
98 121
99 108
100 125
101 112
104 118
106 124
107 114
109 110
109 116
111 121
113 117
117 120
118 126
119 123
122 123
