251 565 15.3586
14.6387 14.101
3.41248 8.57881
14.2462 6.51484
11.9185 5.489
10.9995 8.25227
8.06699 10.1958
14.4576 5.51021
13.7812 9.26517
0.833894 13.4091
2.22193 5.18629
9.89888 1.64281
0.79548 14.3483
3.39839 14.9357
5.25854 6.93596
4.16067 11.5026
15.0035 6.14946
5.45298 10.1163
11.9962 2.75592
6.14157 5.06822
6.49843 11.2122
9.09012 1.40785
6.185 3.16196
8.72645 7.33117
1.16235 10.2277
13.4856 13.0182
4.63268 4.28642
7.86516 7.26651
3.6558 10.1745
4.71553 7.78857
6.82197 12.5568
4.26564 8.54949
5.91154 9.38424
11.7882 0.847003
0.70626 4.5395
7.92681 4.98249
12.4189 0.243875
8.13841 3.39759
5.5906 7.73323
11.1458 14.4555
14.0662 11.4789
0.0923408 13.8399
3.85195 9.3211
1.16008 11.4712
1.8376 12.0375
5.66299 2.45788
6.22681 0.686967
14.7789 0.374419
10.293 7.75292
10.757 1.55921
10.9219 0.678345
8.97672 2.28126
13.8211 4.922
5.65349 10.9687
2.52128 6.00868
2.38337 6.90281
1.79613 12.9366
14.397 13.2652
6.79734 7.63364
2.89849 1.89586
6.13454 7.01718
14.9591 2.95422
1.50082 2.7213
3.37038 14.0007
2.41253 2.66459
11.9244 7.90455
4.62334 2.56446
1.0163 8.24736
12.7153 13.9031
1.68818 4.46246
0.819759 7.34369
2.45202 1.09809
3.43707 12.0123
8.13714 11.0706
13.5109 1.53029
7.02212 4.91431
12.2837 7.05424
2.77388 10.3638
3.40855 11.0407
14.1667 7.39362
10.2102 8.6635
4.7546 6.04415
6.31934 10.3315
8.80215 12.921
2.28188 0.180762
10.7619 13.3417
1.6561 6.34379
5.25811 5.24903
5.01383 14.9106
7.08407 13.5027
9.53558 6.09837
2.61774 11.5489
3.80921 6.07432
1.11579 3.72505
12.6589 1.12869
10.439 12.4483
6.09085 12.0215
4.26959 12.4587
9.80353 9.52407
13.3978 12.1151
6.6858 5.79594
4.1743 14.4781
1.98581 9.83889
7.45379 14.387
3.44406 13.0337
5.91486 15.1779
7.64567 5.86164
14.432 12.3298
2.63235 12.5106
1.91788 1.87065
3.79136 7.76235
2.06106 3.54011
15.1638 2.02843
0.485924 10.8427
5.1624 12.8448
11.7398 9.90879
3.31881 6.90647
9.49454 12.2117
3.6792 2.43519
7.56161 4.12654
9.18701 14.0753
11.5297 15.3091
2.5713 13.4883
4.21944 3.45021
5.19231 8.5911
11.0054 5.52184
0.228442 8.7937
4.77351 9.49538
12.5749 6.1352
12.5522 12.9581
7.04216 1.15573
0.734387 0.187613
5.77718 1.51868
12.3731 3.59895
9.58632 4.30095
6.89257 15.2009
1.5239 14.9281
10.5338 15.1665
14.733 4.62479
1.74866 7.6162
12.8752 7.82827
7.77864 0.305303
9.63034 7.06709
6.18202 8.47508
11.2936 11.534
5.57217 4.32238
10.8018 4.53796
0.554581 2.92466
4.7659 1.60234
13.5893 5.85837
4.32408 6.92215
7.25206 10.6439
8.99135 10.0928
8.51538 11.9734
8.91749 9.06931
3.68637 4.3188
2.65562 4.34972
7.19338 8.51419
7.0947 6.70702
6.55574 4.04027
8.56307 4.25872
11.5794 6.36014
3.74937 1.41647
8.22648 13.7366
15.2919 12.8858
14.4646 1.29002
6.86915 9.50561
5.7422 6.12017
4.26302 5.17973
3.22486 0.507574
0.0444514 3.83422
10.0238 5.22964
7.8988 9.27244
1.63786 13.9042
13.2547 4.12885
1.90083 10.8461
14.8139 8.15158
2.77422 7.80696
11.1516 7.31025
5.24025 3.33952
10.2089 14.1841
12.7547 10.0125
4.20394 0.139543
12.7333 2.1412
0.142716 5.33136
13.7792 8.31829
6.11465 13.21
7.99859 2.43536
2.87885 9.36486
4.35846 13.4793
9.76214 13.211
5.33347 13.9497
13.3052 6.87393
12.0923 10.8634
10.8165 9.46269
9.92283 2.5908
0.143443 1.04623
13.6986 13.965
3.18999 5.26527
9.14497 11.1309
8.81458 0.471996
10.9196 10.5441
1.46059 0.936832
1.15119 9.25053
11.7086 1.8242
13.1449 11.1169
10.359 3.58364
11.7374 8.88033
2.51086 14.5387
11.8641 4.52081
8.54569 6.36835
13.0541 14.8497
13.2914 3.06311
10.5007 6.44569
14.1614 14.9511
6.39424 14.2631
12.3766 11.9186
2.06441 8.63325
7.34738 11.7159
7.17106 3.15235
11.0163 2.68975
9.13061 3.33967
0.916012 12.4379
5.08432 11.801
9.35499 8.09626
8.41679 14.8016
11.4721 12.5813
13.82 10.2376
7.78812 12.75
12.818 5.10833
0.619914 6.33126
14.2413 3.67022
11.7422 13.6614
12.8533 8.91375
13.5135 0.508108
1.24904 5.38861
8.88596 5.2928
15.1705 7.1241
9.90214 0.661652
0.110394 9.85063
4.57375 10.5925
14.146 2.34033
5.20658 0.60564
6.64276 2.15592
15.346 11.7871
14.7972 10.7795
15.2869 14.8456
8.09619 1.33686
3.15093 3.37112
8.23221 8.21096
0.864754 1.89216
10.2174 11.4173
0 196
0 56
0 40
0 213
0 245
1 109
1 187
1 41
1 30
2 148
2 15
2 78
3 208
3 124
3 228
3 160
3 127
4 47
4 177
4 79
4 206
5 171
5 151
5 150
5 72
6 137
6 148
6 51
6 15
7 232
7 184
7 226
8 221
8 40
8 172
9 155
9 234
9 197
9 53
10 237
10 20
10 48
10 194
11 40
11 172
11 245
11 135
12 207
12 100
12 168
13 149
13 166
13 59
13 37
14 239
14 77
14 222
14 71
15 183
15 229
15 236
16 31
16 239
16 126
16 81
16 52
17 203
17 182
17 219
17 132
18 144
18 86
18 99
18 74
19 81
19 52
19 217
19 150
19 95
20 199
20 246
20 50
21 178
21 44
21 218
21 158
22 209
22 141
22 248
22 26
22 223
23 202
23 101
23 112
23 174
24 128
24 98
24 196
25 122
25 154
25 144
26 157
26 248
27 41
27 76
27 239
27 77
28 149
28 109
28 37
28 123
29 217
29 95
29 227
29 185
30 109
30 41
30 123
31 142
31 165
32 120
32 49
32 93
32 35
32 203
33 169
33 92
33 183
33 234
34 118
34 159
34 74
34 105
34 235
35 120
35 210
35 93
36 218
36 186
36 220
36 118
36 159
37 59
37 142
38 231
38 179
38 136
38 120
39 204
39 244
39 98
39 106
40 163
40 245
41 187
41 126
42 112
42 174
42 221
42 43
43 90
43 221
43 55
43 107
44 131
44 242
44 178
45 104
45 241
45 129
45 131
46 213
46 245
46 195
46 164
47 141
47 223
47 177
47 79
48 49
48 203
49 136
49 120
49 237
50 186
50 194
51 173
51 137
51 228
51 148
52 81
52 222
53 197
53 85
53 54
54 85
54 115
54 138
54 176
55 221
55 107
55 172
55 121
56 163
56 106
56 196
57 59
57 157
57 156
58 70
58 161
58 63
58 117
59 166
60 240
60 111
60 146
60 230
60 169
61 108
61 146
61 63
62 121
62 207
62 100
63 108
63 110
63 247
64 75
64 177
64 139
64 206
65 147
65 117
65 178
66 69
66 138
66 202
66 125
67 128
67 231
67 196
67 210
68 92
68 155
68 234
69 229
69 236
69 138
70 201
70 83
70 168
70 108
71 90
71 107
71 96
72 217
72 150
72 198
72 152
73 93
73 233
73 182
73 240
73 164
74 158
74 118
74 99
75 160
75 127
75 139
76 187
76 101
76 174
76 77
77 90
78 191
78 236
78 175
78 184
79 223
79 97
79 193
80 167
80 86
80 149
80 91
80 166
81 165
81 150
82 227
82 152
82 162
82 189
83 135
83 207
83 168
84 94
84 225
84 189
84 231
84 179
85 234
85 229
86 144
86 167
86 166
87 190
87 100
87 104
87 181
88 227
88 185
88 214
88 102
89 235
89 170
89 209
89 212
89 141
90 174
90 107
91 197
91 167
91 115
91 149
92 146
92 110
93 182
94 250
94 116
94 225
94 189
95 222
96 222
96 113
96 188
97 153
97 151
97 193
98 204
98 215
99 105
99 166
99 157
100 188
100 181
101 202
101 187
101 174
102 162
102 134
102 224
103 107
103 121
103 188
104 214
104 134
104 241
105 157
105 209
106 243
107 121
108 201
108 249
109 115
109 149
109 176
110 155
111 195
111 240
111 164
111 249
112 238
112 244
112 243
113 222
113 188
113 185
114 206
114 200
114 193
114 180
114 192
115 149
116 250
116 152
116 189
117 161
117 247
118 218
118 158
118 159
119 162
119 189
119 224
119 179
120 136
121 172
121 207
122 247
122 178
122 154
123 142
123 126
124 145
124 170
124 212
124 160
125 175
125 202
125 238
127 228
127 160
127 191
128 215
128 231
129 242
129 246
130 245
130 135
130 195
130 201
131 241
131 147
131 242
132 211
132 208
132 173
133 220
133 159
133 205
133 170
134 214
134 140
135 172
135 207
136 179
136 237
137 230
137 169
137 183
138 176
138 216
139 191
139 184
140 224
140 199
140 246
141 212
141 223
142 156
143 200
143 250
143 192
143 225
144 178
144 158
145 205
145 208
145 170
146 249
146 169
147 241
147 161
148 228
148 191
150 217
151 153
151 198
152 198
152 227
153 248
153 223
153 171
154 247
154 155
154 197
154 167
155 247
155 197
156 248
156 171
156 165
158 218
159 220
159 235
160 212
160 177
161 168
162 227
162 224
163 243
163 221
164 195
164 240
165 171
167 197
168 181
171 248
172 207
173 211
173 230
173 228
175 236
175 184
176 216
177 212
179 189
180 232
180 226
180 192
181 241
182 203
182 211
183 234
183 229
184 232
185 190
185 214
186 246
186 218
187 216
188 190
192 204
192 215
193 206
193 200
194 220
194 219
194 205
195 249
196 213
196 210
198 250
199 224
199 237
199 246
200 250
201 249
202 216
203 219
204 226
204 215
205 219
206 232
208 228
209 235
210 213
210 233
211 240
211 230
213 245
213 233
215 225
217 227
218 242
221 243
223 248
225 231
226 244
229 234
229 236
238 244
243 244
