255 574 15.3735
2.66667 14.93
5.48921 4.11171
8.43852 13.41
2.49928 12.0092
7.89044 12.7815
14.5181 12.8813
6.76339 5.8358
1.94802 14.5009
15.2065 12.3996
12.6191 7.07611
10.7869 0.86304
1.03796 0.731557
12.6655 7.91811
9.20409 10.5892
6.25375 6.51064
4.12306 3.42639
11.4228 3.08513
15.2221 2.96136
9.94003 8.06474
13.0522 15.1836
6.88284 11.4214
9.3763 14.2715
9.69804 0.952298
1.67275 11.8278
0.818574 9.64282
7.37882 12.115
12.8845 6.27014
11.9363 4.99359
10.9481 2.37033
3.38833 5.70796
14.403 7.59454
14.5165 2.47699
7.61885 5.90299
12.8232 2.33563
1.88407 10.9894
8.43322 6.20946
2.02144 4.24137
15.3588 8.20719
6.55993 13.6832
12.7636 9.64915
12.6037 8.77802
7.1124 6.61761
1.54646 5.93228
13.695 2.18874
4.50319 14.3946
11.2918 1.56416
2.80764 3.8355
2.87214 1.11546
0.740532 5.56946
11.7066 8.40497
14.318 11.5824
11.8861 7.53431
6.55566 8.23932
9.00498 7.99108
2.36837 0.370305
10.0757 2.50841
1.83552 13.6379
10.6131 12.6222
11.8824 10.3601
6.9528 2.87705
1.92874 5.12981
4.85481 1.58405
3.24528 6.57811
9.50665 11.4187
3.64659 4.16337
8.11319 7.85114
7.94756 6.95267
10.5992 3.37649
5.19731 12.2478
14.5039 6.494
5.41105 8.16378
12.6811 0.612249
10.1975 14.6184
8.74197 12.5859
8.62858 11.6702
12.772 10.5553
10.3764 4.27177
12.1819 1.39419
10.383 1.64818
13.6181 4.08286
5.2186 14.9786
4.4577 11.6875
3.57864 1.78155
7.52799 14.6297
3.38799 10.0146
5.76786 1.40707
9.46096 1.81964
8.81734 0.748771
6.79709 12.8029
0.908239 1.61268
1.86362 12.7121
13.7347 5.95528
14.3685 9.5444
11.3136 14.1452
13.7666 5.00671
6.06127 5.28573
13.5795 10.0688
7.77235 11.2985
8.15644 4.51719
13.5833 11.0245
8.91622 2.59802
0.0805252 4.92182
0.165859 1.00984
6.57452 14.6066
5.96132 8.93112
7.44827 8.52106
7.36564 1.75729
10.1958 0.187751
1.91905 6.77251
13.7961 12.3471
5.025 3.33532
11.877 2.29416
7.87709 9.60924
9.41618 8.8125
6.45505 2.07653
13.091 14.276
0.0243695 6.16941
9.40937 6.11933
4.59062 4.20947
6.03474 0.108509
14.5843 4.4852
8.29538 10.4915
6.67122 1.06549
8.23043 15.2854
12.1302 11.272
11.0437 15.073
13.1346 1.4517
8.4487 14.3207
2.48981 5.96615
11.1748 11.0016
6.08355 10.9817
4.35085 10.0266
2.70339 7.35692
3.89005 7.28479
13.5784 8.04879
2.81075 11.1424
0.736288 2.74052
1.61254 2.27935
1.51542 15.313
10.4356 11.6855
11.3908 13.1706
4.04555 5.0432
0.951793 11.1001
2.81157 9.2243
2.21457 3.09
7.19837 7.55526
12.9779 11.7949
6.04503 7.42369
11.9968 5.93873
4.31153 15.3309
13.5139 9.06032
9.36615 13.337
8.41798 8.77043
9.68611 12.368
4.30289 12.6426
4.85614 13.5029
12.2295 13.7586
0.226721 10.3746
3.33199 0.274307
4.11182 0.959339
15.2449 13.4646
10.9899 9.99476
12.8276 5.32223
14.4638 8.55299
8.91241 9.68623
6.15719 12.0344
7.04422 0.117978
9.14258 4.35729
3.56204 14.6378
6.39693 4.34105
1.3084 3.59113
0.908806 6.66086
7.5226 13.6422
14.2533 13.7921
5.0788 5.09549
5.69563 14.112
14.6323 5.50832
8.76485 5.3212
2.41374 10.189
13.4113 3.11103
9.24843 15.2177
15.3681 2.01447
0.477487 15.3325
12.3636 3.19464
8.93848 7.02639
3.82303 10.9186
3.33643 8.16797
2.74845 13.9789
4.41097 8.18374
7.90074 2.61483
11.8288 9.37268
0.75737 12.1324
10.0146 9.61268
8.45739 1.69414
14.4139 3.46945
11.3119 6.7397
7.80564 0.844114
5.80981 13.0437
2.61708 2.06599
6.87595 9.37834
1.06655 4.6326
3.84987 9.11115
10.8437 8.90564
11.6843 0.515528
11.4229 12.0354
1.3525 7.63291
5.129 0.619573
10.4537 6.08468
2.87443 12.9003
15.3209 9.1998
10.019 7.08982
14.8108 0.274314
6.06 3.32552
10.9644 5.10704
13.9744 14.8348
10.1747 10.6748
3.4725 11.9671
8.46473 3.5325
7.24543 4.98963
1.87398 1.24827
15.3241 7.21254
0.976193 14.3552
13.3092 13.2611
0.889665 8.62827
5.46241 2.39111
5.34058 6.14639
3.27563 2.94087
12.6061 4.26033
4.21943 6.26672
4.34398 2.46744
2.89608 4.84346
15.305 11.4151
1.75255 9.33297
10.4113 13.6169
13.6019 6.985
9.85151 5.1605
9.58436 3.38962
7.14634 10.4571
2.23673 8.3134
3.77286 13.5741
10.8986 7.78474
0.919185 13.2208
4.95327 9.15017
7.36691 3.81882
5.7707 9.9603
14.4142 1.46744
5.03406 10.8378
0.239735 3.87818
12.1037 14.8458
14.531 10.5774
4.97108 7.22017
13.7199 0.55781
11.4716 4.09061
15.0703 14.5444
12.3467 12.6697
0 187
0 7
0 168
0 54
1 110
1 212
1 118
1 169
2 4
2 73
2 172
2 151
2 127
3 135
3 23
3 216
3 208
4 25
4 73
4 172
5 109
5 8
5 173
5 160
6 95
6 218
6 32
6 14
6 41
7 56
7 187
7 221
7 138
8 231
8 191
9 26
9 234
9 51
9 12
10 107
10 203
10 78
10 45
11 182
11 138
11 89
11 219
12 51
12 134
12 40
13 164
13 121
13 215
13 63
14 225
14 41
14 147
15 226
15 229
15 110
15 118
15 64
16 111
16 67
16 28
16 183
16 252
17 181
17 194
17 31
17 136
17 247
18 210
18 240
18 113
19 248
19 214
19 115
19 71
19 251
20 237
20 130
20 97
20 165
20 25
21 151
21 180
21 127
21 72
22 87
22 107
22 86
23 34
23 191
23 90
24 209
24 232
24 157
25 97
25 88
26 162
26 148
26 91
27 252
27 227
27 213
27 162
27 148
28 45
28 55
29 230
29 141
29 128
29 62
29 228
30 234
30 134
30 220
30 163
31 43
31 245
31 181
32 218
32 41
32 35
33 126
33 43
33 183
33 179
34 178
34 142
34 135
35 177
35 66
35 184
36 170
36 46
36 60
37 220
37 209
37 163
37 223
38 88
38 197
38 175
38 172
38 103
39 190
39 40
39 150
39 75
39 96
40 190
40 150
41 66
41 145
42 48
42 60
42 171
42 108
42 128
43 126
43 245
43 179
44 155
44 168
44 149
45 78
45 111
45 77
46 144
46 226
46 64
46 230
47 158
47 54
47 219
47 198
48 200
48 101
48 116
49 240
49 51
49 202
49 190
50 249
50 99
50 231
50 109
51 195
51 240
52 147
52 145
52 104
52 105
53 184
53 65
53 113
54 138
54 158
54 219
55 86
55 78
55 236
56 90
56 241
56 187
57 139
57 153
57 204
57 233
57 140
58 190
58 161
58 75
58 129
58 124
59 114
59 212
59 189
59 243
60 200
60 230
61 159
61 206
61 85
61 229
61 224
62 228
62 132
62 133
63 74
63 215
63 139
63 153
64 118
64 230
64 141
65 66
65 145
65 105
65 152
66 184
66 145
67 236
67 76
68 81
68 154
68 165
68 197
69 176
69 234
69 91
69 116
70 188
70 250
70 147
70 104
71 203
71 251
71 77
71 126
72 233
72 125
72 107
73 74
73 153
73 151
74 97
75 96
75 124
75 99
76 235
76 213
77 203
77 111
77 126
78 86
79 179
79 194
79 227
79 94
80 175
80 149
80 206
80 119
81 185
81 246
81 216
81 154
82 159
82 198
82 229
83 172
83 103
83 123
83 127
83 166
84 143
84 201
84 178
84 131
84 185
85 206
85 122
85 114
85 224
86 193
86 100
87 180
87 196
87 193
88 165
88 197
89 102
89 181
89 219
89 137
90 208
91 94
91 176
91 234
92 150
92 209
92 163
92 96
92 249
93 233
93 140
93 156
93 125
93 248
94 120
94 162
94 176
95 169
95 174
96 99
97 237
97 121
98 217
98 243
98 167
98 218
98 177
99 249
99 146
100 193
100 189
100 217
100 236
101 120
101 247
101 200
101 176
102 211
102 181
103 175
103 166
104 242
104 199
104 244
105 145
105 199
105 152
106 122
106 196
106 114
106 189
107 180
107 125
108 171
108 128
108 205
108 132
109 146
109 222
110 224
110 212
110 118
111 183
112 199
112 152
112 121
113 152
113 164
113 192
114 224
115 156
115 222
115 214
116 176
116 171
116 220
117 177
117 235
117 184
117 207
118 141
118 174
119 206
119 166
120 194
120 176
121 164
122 166
123 180
123 127
123 196
124 129
124 146
124 204
125 203
126 251
129 161
129 215
129 139
130 244
130 246
131 201
131 242
131 185
131 246
132 186
132 238
133 228
133 186
133 188
133 250
134 234
134 150
134 163
135 178
135 185
135 216
136 181
136 137
136 170
137 219
137 198
137 144
138 182
139 215
139 153
139 204
140 254
140 233
140 156
141 174
142 157
142 231
142 191
143 238
143 232
143 201
143 178
144 226
144 170
146 254
147 250
148 162
148 195
149 168
149 158
149 159
149 206
151 153
151 233
152 164
154 216
154 239
154 155
155 239
155 197
155 175
156 254
156 248
157 249
157 231
158 168
158 159
159 206
160 173
160 241
160 253
161 190
161 192
161 215
162 227
163 209
165 197
166 196
167 217
167 236
167 177
167 235
168 187
168 239
169 212
169 243
169 218
170 247
170 200
171 205
173 222
173 214
173 253
174 225
175 197
177 235
178 232
179 183
179 194
181 245
182 253
182 221
182 211
183 227
184 210
186 188
186 238
186 201
187 208
187 239
188 250
188 201
188 242
189 193
189 217
190 202
191 231
191 241
192 202
192 215
193 196
195 207
198 219
198 226
199 237
200 247
201 242
202 240
203 248
204 254
205 223
205 238
207 235
207 213
207 210
208 216
208 239
209 223
210 240
211 253
211 251
212 224
213 252
213 235
214 253
214 251
217 236
217 243
221 241
222 254
223 232
224 229
225 228
225 250
227 252
231 249
232 238
242 244
244 246
245 251
