127 285 10.8517
0.90201 7.30072
4.9887 4.9759
8.81878 6.46053
4.32133 8.04283
6.51303 9.49605
2.27439 2.96472
4.4419 5.66655
3.22072 4.64018
3.94892 10.4805
9.98475 10.0839
6.25723 10.299
1.34763 8.0152
0.20089 1.5537
7.76621 0.471959
7.31503 9.78432
4.21299 7.19858
1.94828 6.21047
0.133569 6.93524
2.54928 5.57904
0.84028 2.13874
9.66004 8.16925
9.1887 5.68132
10.5235 0.861106
6.87024 2.03731
10.4127 8.61783
5.32652 0.786497
1.89701 3.75019
6.20544 5.47893
4.67901 10.0016
3.68121 0.463029
0.666538 8.79281
4.77443 6.51068
8.72451 4.91861
0.964097 9.65909
5.3975 3.36574
1.87566 2.17438
0.99528 10.5778
10.1684 1.69419
6.8048 4.78687
3.44822 5.50244
8.26257 7.65591
1.35834 1.39848
3.61447 8.58494
3.39816 3.02541
5.33278 5.77248
4.5748 0.262877
2.29527 1.34059
7.08502 2.93386
6.82648 6.77484
8.33814 4.07772
4.10662 4.82584
3.85358 6.35595
10.0252 5.27778
7.77167 8.46673
7.31851 7.60736
10.1976 7.41626
8.25641 5.7337
0.467684 5.17762
7.7876 2.14747
7.06588 10.7255
3.80255 3.90157
2.74129 0.481679
2.83468 2.23498
7.7675 4.87305
5.39808 10.6283
8.24382 1.27546
2.82804 3.79996
3.3825 7.63566
5.83153 4.59622
6.30416 3.69854
10.1296 3.5102
8.01255 10.4172
3.27547 1.32902
9.73899 2.56853
8.78511 2.2056
4.77742 4.09053
3.77445 9.56081
6.20243 0.391993
8.76967 8.49497
4.47563 1.24314
0.218481 7.92358
6.78576 8.60463
9.18693 7.33531
9.27137 1.2872
5.57804 9.62532
8.06821 3.11662
2.26662 4.65536
4.44532 3.10446
10.7418 5.99924
10.6163 4.43439
1.30348 2.98393
9.5495 4.37456
10.7803 2.48275
1.47964 5.36089
9.02017 10.124
9.0933 3.39702
5.72155 8.57744
1.84318 7.17651
7.32941 3.92414
7.00982 1.06966
8.2154 9.3932
9.81166 0.186656
0.643494 0.678713
9.78755 6.46398
1.70966 0.439161
1.66634 8.93966
9.58821 9.18629
1.88279 10.0767
6.28961 7.66004
10.8336 10.6505
3.92716 2.15783
6.00228 1.52867
6.0911 2.64715
8.73979 0.340202
0.339305 3.49691
2.42293 8.10915
7.86507 6.70694
10.8084 9.53424
1.08347 4.33438
2.97809 10.3035
5.78307 6.68654
0.94227 6.32148
2.75811 9.18865
5.06027 2.17259
7.18814 5.78088
4.68381 8.96999
2.84935 6.68634
0 121
0 17
0 97
0 80
0 11
1 75
1 68
1 50
1 44
2 21
2 116
2 103
3 15
3 42
3 125
4 84
4 81
4 10
4 14
5 35
5 62
5 26
6 50
6 44
6 51
7 86
7 66
7 39
7 50
8 76
8 119
8 28
8 45
8 29
9 106
9 117
9 94
9 101
10 84
10 64
10 59
10 77
11 97
11 105
12 22
12 102
12 37
12 19
12 92
13 59
13 71
13 99
13 113
13 65
14 100
14 71
15 51
15 31
15 67
16 93
16 18
16 121
16 97
16 126
17 88
17 121
17 55
18 86
18 39
19 41
19 92
19 90
20 82
20 55
20 78
20 24
21 56
21 32
21 52
21 103
22 101
22 102
22 37
23 99
23 111
23 58
23 112
23 47
24 80
24 106
24 117
25 45
25 77
25 79
25 111
26 90
26 118
26 86
26 66
27 68
27 38
27 44
27 124
28 125
28 84
28 64
29 61
29 45
29 72
30 80
30 117
30 105
30 33
31 44
31 51
31 120
32 49
32 91
32 63
32 56
33 117
33 105
33 36
33 107
34 87
34 112
34 75
34 69
35 46
35 41
35 62
35 90
36 109
36 107
36 102
36 104
37 83
37 92
37 73
38 98
38 63
39 50
39 51
40 116
40 54
40 82
40 53
40 78
41 102
41 104
41 46
42 67
42 122
42 76
43 62
43 110
43 66
43 60
44 120
45 64
45 79
46 61
46 72
47 112
47 85
47 98
48 124
48 120
48 116
48 108
48 54
49 85
49 95
49 98
49 63
50 75
50 60
51 126
52 91
52 88
53 54
53 81
53 100
53 78
54 116
54 108
55 103
55 82
55 80
56 124
56 63
56 116
57 89
57 118
57 88
57 93
58 65
58 74
58 85
59 71
59 77
60 87
60 66
60 75
61 119
61 104
61 72
62 72
63 98
63 124
64 84
64 77
65 113
65 83
66 86
67 126
67 115
68 69
69 112
69 98
70 95
70 73
70 114
70 91
70 89
71 100
71 94
71 113
72 110
73 74
73 95
73 92
74 83
75 87
76 122
76 125
76 119
77 99
78 100
78 106
79 110
79 123
81 108
81 96
82 103
83 113
84 125
84 96
85 95
86 93
87 110
88 103
88 121
89 114
89 91
90 114
91 95
92 114
93 118
93 121
94 100
94 106
94 113
96 108
96 125
97 126
97 115
99 111
101 109
101 113
102 109
102 104
105 115
105 122
107 119
108 120
109 117
110 123
111 123
111 112
112 123
114 118
115 122
116 124
119 122
