64 141 7.69524
4.1748 6.27599
7.55589 7.19802
6.76539 5.80202
6.70746 4.72713
0.484558 4.80287
6.80814 6.75244
2.59514 5.27775
4.13171 0.296723
5.21416 6.76523
1.34289 6.45162
1.74661 5.41629
5.93112 4.33401
7.46873 4.30323
7.41928 5.22897
6.01772 1.78784
0.726257 7.09673
1.37826 0.0404222
6.69013 3.84711
0.60056 3.92358
1.77824 2.59081
0.11418 2.29021
0.257488 1.3607
4.38805 7.13253
0.99221 1.95969
6.10286 3.12748
3.36947 4.81994
4.33279 2.1637
6.01003 6.29994
2.6289 3.00981
3.38136 2.38218
5.12935 4.81622
5.14099 5.83693
1.91012 1.65306
0.849219 5.64991
5.98925 5.30824
2.4071 4.36238
1.16046 0.986292
3.24641 3.79104
1.77322 3.56239
3.34397 5.85109
3.99254 1.22899
5.07328 0.165302
1.38801 4.52281
2.14181 0.665353
2.33136 7.33086
4.24687 5.33461
0.859105 2.96365
4.07483 3.14212
6.81797 2.42669
0.348555 0.328768
5.30578 2.49155
3.15779 0.333651
7.51567 3.27002
6.95141 0.248474
6.92917 1.34828
6.02008 7.34496
5.97323 0.770879
5.05805 1.40906
2.93571 1.42492
3.36221 6.9334
2.33087 6.24156
7.65904 6.22456
5.18413 3.6114
4.23577 4.23489
0 39
0 45
0 22
1 61
1 15
1 53
1 49
2 34
2 27
2 61
2 13
3 17
3 11
3 12
3 34
3 13
4 12
4 18
4 42
4 13
4 33
5 27
5 61
5 55
6 35
6 25
6 60
6 10
6 39
7 22
7 51
7 41
7 40
8 31
8 27
8 22
8 55
9 33
9 60
9 15
10 42
10 33
10 60
11 17
11 30
12 17
12 18
13 61
14 56
14 50
14 54
15 49
15 16
16 36
16 43
17 24
17 52
18 52
18 46
18 42
19 32
19 46
19 38
19 28
20 48
20 23
20 21
20 52
20 46
21 36
21 54
21 23
22 59
22 41
23 36
23 32
23 46
24 50
24 48
24 62
25 63
25 45
26 40
26 29
26 57
26 50
26 47
27 34
27 31
27 55
28 29
28 37
29 58
29 47
30 63
30 45
30 34
31 45
31 34
32 36
32 43
32 58
33 61
35 38
35 37
35 42
36 49
36 43
37 47
37 63
38 42
39 60
39 45
39 59
40 58
40 57
41 55
41 56
43 44
43 51
43 58
44 60
44 59
44 51
45 63
46 52
47 63
48 54
48 52
49 53
50 57
50 62
51 59
51 58
53 55
53 56
53 54
54 56
55 56
56 57
62 63
