127 284 10.8343
9.23775 8.84139
7.75126 1.93631
4.79292 8.18111
4.91815 10.1119
0.521572 0.933668
8.96365 3.28341
3.07923 10.1979
5.47979 10.7432
4.13571 7.51505
10.8072 3.32095
7.08073 6.27127
9.30357 7.485
2.73936 8.40851
8.75556 8.14785
3.99548 1.99676
3.68467 5.82539
4.86214 2.03487
9.00079 5.13008
9.62426 6.68354
8.03798 6.44949
7.41576 10.6609
9.20882 2.46036
2.37433 10.6974
6.25718 8.92458
8.88834 6.2054
9.37207 10.7293
1.26303 9.43425
3.28261 7.71726
2.25943 6.44819
0.379132 2.54404
10.2839 7.2874
8.2407 5.5838
10.6405 8.86512
6.41303 4.78084
5.55257 5.09215
6.93602 0.580883
6.36935 10.6932
6.99642 1.4917
1.32549 2.76208
5.72294 1.76516
4.92421 3.5611
8.365 8.99076
4.37823 9.19758
3.92389 8.37862
0.0666003 7.98326
3.56492 0.110043
9.68526 5.73799
4.3765 2.81118
3.42769 2.71222
1.38987 6.75343
0.723847 8.6793
8.14036 3.65682
8.41054 7.29603
6.88491 9.90118
1.81832 4.63778
7.8407 8.08683
0.846727 3.58662
2.89627 3.51543
8.63562 1.72872
8.29867 2.65882
3.82504 4.90479
7.89747 9.8651
8.99402 4.19545
6.39058 3.38433
8.10745 4.64018
5.30766 8.94494
3.99859 10.0824
5.03573 7.29007
2.08904 1.5567
10.7631 5.3276
10.2695 10.4097
9.90613 9.47254
0.886721 4.98568
9.64506 1.61495
5.71142 4.12777
1.83245 8.65965
3.07537 1.78652
5.71694 8.02624
4.75968 4.5165
9.0187 0.794034
2.75321 5.6115
9.92514 8.20071
6.28415 5.75381
10.504 6.31322
5.41879 6.33961
7.35217 3.02326
10.6864 1.59291
3.82509 1.06149
7.40231 7.1686
1.69726 5.64514
4.2967 6.57916
0.698566 6.01485
6.52832 2.36204
8.38717 10.7786
4.88968 1.05825
0.419592 7.04784
1.44044 10.4035
0.312898 9.71598
7.35097 8.99196
8.92925 9.83915
1.87371 3.61238
5.52909 2.75961
2.84764 4.54839
2.78152 0.765518
5.84835 9.83527
9.87611 3.61993
5.94076 0.774495
0.0821083 4.28819
9.89988 4.72539
2.30603 7.46039
1.23401 7.77694
10.1969 2.55349
3.22394 6.71087
7.27478 5.30143
4.65109 5.56922
0.420401 10.8068
2.25612 9.65339
1.47768 0.676625
6.78195 8.05426
7.18358 4.10497
10.1247 0.643302
2.35417 2.60087
1.04187 1.76643
7.90523 0.951
6.30124 7.00727
3.91163 3.82618
3.32387 9.23248
0 13
0 81
0 41
0 71
1 123
1 37
1 58
1 59
2 43
2 77
2 67
2 65
3 66
3 104
3 7
4 115
4 117
4 86
4 122
5 59
5 21
5 51
5 62
5 105
6 126
6 116
6 22
6 66
6 45
7 104
7 36
7 106
8 90
8 27
8 43
8 67
9 111
9 56
9 29
9 105
9 107
10 82
10 113
10 88
11 18
11 52
11 13
11 81
12 27
12 75
12 126
13 55
13 52
14 87
14 76
14 16
14 48
14 47
15 80
15 114
15 60
15 112
15 90
16 94
16 39
16 47
16 101
17 62
17 108
17 31
17 46
18 24
18 83
18 30
19 31
19 88
19 24
19 52
20 53
20 93
20 61
20 35
21 58
21 73
21 59
21 111
22 96
22 103
23 118
23 65
23 104
24 31
24 46
25 93
25 99
25 70
25 79
26 50
26 75
26 97
26 116
26 96
27 112
27 109
27 43
28 89
28 80
28 49
28 112
28 109
29 122
29 111
30 95
30 81
30 44
31 64
31 113
32 81
32 44
32 71
32 50
32 97
33 74
33 119
33 34
33 82
33 113
34 78
34 74
34 114
34 82
35 36
35 106
35 123
35 37
36 104
36 53
36 106
37 92
38 122
38 56
38 121
38 100
39 106
39 92
39 101
40 47
40 101
40 125
40 78
40 74
41 98
41 99
42 43
42 126
42 65
42 66
43 126
44 95
44 81
44 50
45 66
45 103
45 87
46 108
46 83
47 48
48 76
48 57
49 91
49 95
49 110
50 110
51 85
51 119
51 64
52 88
52 55
53 98
53 104
54 100
54 102
54 72
54 89
55 88
55 118
55 98
56 107
56 100
57 121
57 100
57 102
57 125
58 123
58 79
58 59
59 85
60 102
60 78
60 114
61 98
61 93
61 99
62 64
62 108
62 105
63 92
63 85
63 74
63 119
64 119
64 113
65 77
65 104
66 126
67 90
67 84
67 77
68 117
68 103
68 122
68 76
68 121
69 108
69 107
69 91
69 72
69 83
70 71
70 115
70 120
71 99
72 107
72 91
72 89
73 79
73 120
73 86
74 78
75 110
75 116
76 103
76 87
76 121
77 118
78 125
78 114
79 93
80 102
80 89
82 113
82 84
83 95
84 114
84 124
85 92
85 119
86 120
86 111
87 103
87 94
88 124
88 118
89 91
90 114
90 112
91 95
92 101
93 99
93 123
94 106
95 110
96 115
96 116
96 117
97 115
98 118
100 121
105 111
105 108
107 108
109 110
116 126
118 124
