255 580 15.3603
11.3168 11.2938
5.75515 12.1351
6.43231 12.912
7.07473 4.40422
9.9042 5.54263
13.2685 7.24634
14.928 6.60717
14.8616 10.1785
3.2361 2.15547
3.0926 11.9731
15.0283 12.02
0.817218 14.9071
1.40111 2.04522
4.27809 0.515609
10.5579 5.02166
0.981081 14.0784
8.73577 0.604083
5.28925 3.91308
3.11194 14.7319
2.14246 7.16559
10.4393 8.04482
1.23712 4.7182
3.27034 8.41865
1.10413 9.79532
1.74609 13.695
10.5781 12.728
5.84294 15.0162
14.8932 1.87885
15.161 2.69811
4.33667 11.0774
13.5588 3.2268
13.3915 10.0749
0.610899 0.382473
8.85313 4.2545
2.24997 12.1262
0.540811 12.4081
13.7281 1.71633
7.7055 14.4379
2.51022 14.112
7.84163 7.47634
11.7062 3.88398
2.82079 0.965828
4.67393 5.40543
11.5523 9.70141
11.1282 5.67452
10.6249 0.753718
0.638166 13.2807
11.0881 10.463
3.85387 7.76662
6.32004 0.394143
7.99548 9.09122
4.72142 7.55966
4.00562 5.9966
9.31387 6.17676
3.95579 11.8685
14.9541 11.0548
14.249 11.619
1.44559 0.151315
3.23978 10.1446
8.14196 10.7678
15.1522 12.9684
10.6462 13.6015
4.10062 6.89899
2.74463 9.2881
1.92584 0.919546
6.23248 4.16059
4.6337 4.50502
4.36938 2.11735
9.56262 9.81229
12.8429 8.01162
2.16483 6.18036
0.130188 8.19922
5.02651 11.6465
11.2917 3.09181
10.4253 6.24749
4.43766 8.46502
1.83399 9.28742
8.5275 9.83528
8.89903 13.1716
6.918 3.53202
4.15565 10.2005
0.938748 2.86285
7.38871 2.06523
9.82156 13.2187
12.0634 2.56509
8.38202 12.3942
5.34527 8.23022
7.6596 2.95296
14.3376 14.5149
5.00185 6.68519
6.82193 9.20168
11.4337 1.1949
2.11659 4.0265
7.79464 3.87992
8.70214 11.5051
12.3291 11.6914
4.00408 14.8321
0.46202 5.18232
13.4512 14.1782
14.0523 6.81985
3.84661 5.01059
9.80919 6.96537
0.410383 11.5037
4.7687 1.27212
13.9085 5.88106
14.6256 8.55892
5.52661 4.78742
2.94591 7.57562
1.03081 1.20329
8.98602 1.48297
10.0134 8.85573
14.1005 10.6676
9.06803 10.6181
0.233055 3.50344
7.57799 6.60336
1.72621 14.6146
6.30654 8.18504
3.00687 5.48951
14.2933 12.5645
5.53017 13.0114
10.4056 2.74447
12.5878 13.7359
3.41672 0.243972
13.1369 5.28707
14.3945 13.5473
8.30029 15.1493
14.2061 0.118333
3.80156 2.87654
2.29367 10.1313
13.3887 4.13144
14.4202 1.08477
11.5852 6.49511
0.0472765 1.1069
1.17416 3.79605
10.5165 9.70857
11.4405 4.78363
11.1966 2.13605
1.44862 10.6608
9.03633 9.01028
8.01886 13.558
8.3706 6.02292
3.39445 11.0924
7.43214 5.62993
8.34103 2.2445
13.8051 8.00569
7.47423 0.340224
11.5693 7.86173
13.2685 15.1501
8.40453 8.22699
0.463838 2.02131
9.66617 0.752328
2.12836 5.01453
9.76046 4.54352
4.78022 3.12465
14.4509 3.55654
12.5152 9.72044
9.02416 5.25051
4.63945 12.5485
5.85334 9.07607
4.97185 14.6516
13.4555 0.803472
12.3339 7.17828
1.33086 5.66332
6.6676 11.9252
3.00718 4.47335
3.87579 3.89177
1.39902 11.6796
1.32476 6.69997
6.93948 10.9176
14.2156 2.54292
8.83388 14.174
9.88331 14.2113
5.34627 2.25074
0.416462 6.18025
3.62041 12.7847
5.20604 0.358351
6.40219 2.17459
8.07556 4.83214
5.80413 7.29224
10.8025 7.1621
2.35691 11.1622
12.4737 12.6946
13.051 2.40908
12.477 0.475272
5.91998 11.1986
6.87362 7.3409
14.7417 7.54813
13.4405 13.163
7.69928 11.6515
2.33876 1.82198
9.7089 3.50388
13.2288 8.93614
7.98735 1.25367
14.8908 5.59826
2.92468 3.41526
12.4407 4.52978
6.893 1.20124
14.088 4.87972
0.40877 7.24092
12.1616 8.73356
9.32221 15.1219
13.3688 12.0911
10.3971 15.1507
12.3902 1.55514
3.74068 1.32767
2.41356 0.0385765
15.3293 14.0027
5.12431 10.4909
0.413605 10.4787
2.2945 8.38389
4.67994 13.6199
12.9706 6.31973
11.6178 13.363
7.34278 8.32762
12.5944 3.4392
6.4828 5.17276
1.47848 12.7488
8.63393 3.28414
12.1296 5.5893
12.0655 10.6862
10.1048 10.6741
14.18 9.48615
6.58814 6.28605
13.1218 11.0255
1.36637 7.78347
3.59431 13.8725
3.74883 9.26604
5.8038 1.264
6.81102 14.8691
12.2884 14.7493
11.4592 12.2616
5.577 5.83106
0.926491 8.8211
11.2261 14.4117
11.0668 8.8104
9.38643 2.45491
10.7017 4.00148
5.94668 3.17095
7.39626 12.7075
1.9688 2.86546
6.96095 13.7509
4.84474 9.41814
9.44726 7.95579
5.85571 14.0165
8.75507 7.0365
7.49864 9.98086
11.4424 0.154108
3.13559 6.54116
9.41906 12.2641
6.18935 10.115
10.4387 11.7414
15.0992 4.43356
2.56051 13.0948
15.199 15.1111
10.2205 1.68683
0 47
0 250
0 219
0 230
1 72
1 184
1 163
1 119
2 238
2 119
2 240
3 79
3 65
3 93
3 215
4 156
4 14
4 53
4 74
5 211
5 99
5 161
5 69
5 144
6 99
6 173
6 186
7 221
7 208
7 111
8 189
8 204
8 127
9 141
9 34
9 54
10 56
10 102
10 118
11 15
11 253
11 32
11 57
12 149
12 189
12 239
13 122
13 175
13 204
13 103
14 152
14 135
14 44
15 46
15 24
15 115
16 125
16 150
16 109
17 153
17 237
17 66
17 106
18 38
18 225
18 96
18 205
18 122
19 167
19 224
19 107
20 242
20 179
20 110
20 234
21 133
21 97
21 162
21 151
22 107
22 48
22 209
22 226
23 232
23 76
23 208
23 137
24 216
24 252
24 38
24 115
25 250
25 230
25 83
25 61
26 243
26 159
26 228
26 175
26 49
27 130
27 132
27 149
27 169
27 28
28 149
28 169
28 113
29 80
29 207
29 141
29 72
29 54
30 214
30 182
30 169
30 129
30 154
31 155
31 221
31 223
31 111
32 253
32 132
32 57
32 108
33 217
33 152
33 177
34 180
34 166
34 216
34 252
35 102
35 216
35 46
36 160
36 130
36 182
36 169
37 240
37 139
37 228
37 125
38 252
38 115
39 114
39 244
39 185
39 148
39 213
40 73
40 214
40 236
40 195
40 135
41 64
41 122
41 189
41 204
42 66
42 100
42 231
42 52
43 234
43 47
43 155
44 135
44 218
44 74
44 131
45 202
45 150
45 246
45 254
45 91
46 60
46 216
46 206
47 134
47 220
47 219
48 62
48 107
48 51
48 75
49 228
49 227
49 196
50 148
50 213
50 245
50 77
51 62
51 89
51 86
52 247
52 62
53 156
53 244
53 140
53 101
54 141
54 174
54 157
55 208
55 111
55 56
55 102
56 201
56 118
57 115
57 64
57 205
58 226
58 128
58 80
58 141
59 245
59 112
59 188
59 94
60 118
60 124
61 83
61 212
61 171
61 233
62 247
62 89
63 209
63 76
63 226
63 128
64 205
64 108
64 189
65 237
65 106
66 165
66 100
66 106
67 204
67 172
67 103
67 127
68 138
68 112
68 134
68 220
69 161
69 144
69 199
69 191
70 162
70 167
70 247
71 186
71 198
71 105
71 232
72 184
72 157
73 136
73 120
73 84
74 101
74 179
75 86
75 241
76 232
76 209
76 128
77 138
77 245
77 112
78 248
78 85
78 139
78 83
79 237
79 87
79 93
80 226
80 241
80 207
81 149
81 113
81 239
81 133
82 196
82 176
82 192
82 143
82 87
83 248
83 171
84 136
84 214
84 182
85 188
85 94
85 238
85 248
86 116
86 158
87 143
87 217
87 93
88 98
88 124
88 253
88 126
89 231
89 178
90 158
90 213
90 245
91 246
91 136
91 203
92 194
92 133
92 164
92 151
93 217
93 177
94 112
94 188
94 248
95 219
95 223
95 230
95 181
96 225
96 159
96 122
97 251
97 193
97 162
97 173
98 121
98 187
98 147
99 104
99 186
100 164
100 117
101 244
101 242
101 179
102 208
102 166
103 175
103 204
103 227
104 197
104 123
104 193
104 211
105 144
105 186
105 221
106 231
106 215
107 247
107 209
108 132
108 149
109 150
109 192
109 143
109 235
110 242
110 138
110 234
110 134
111 223
112 220
113 251
113 133
114 142
114 222
114 140
114 185
115 205
116 178
116 185
116 158
116 213
117 164
117 151
117 247
118 201
118 124
119 157
119 210
119 243
120 254
120 136
120 235
120 190
121 212
121 187
121 229
122 205
123 195
123 218
123 197
123 211
124 187
124 206
125 200
125 145
126 147
126 253
126 160
126 130
127 194
127 153
127 165
128 180
128 137
129 214
129 195
129 197
130 160
130 132
131 218
131 179
131 161
132 149
134 234
134 220
135 236
135 195
135 218
136 254
137 208
137 180
137 166
138 148
139 238
139 240
139 170
140 142
140 156
140 244
141 180
142 215
142 177
142 222
143 192
143 235
144 186
145 228
145 196
145 192
146 179
146 161
146 234
146 199
147 229
147 183
147 160
148 242
148 213
150 200
150 254
151 164
151 162
152 190
152 236
152 156
153 172
154 169
154 251
155 199
155 191
155 219
156 177
157 174
157 210
158 241
158 249
159 210
159 243
160 183
161 211
162 173
162 167
163 184
163 168
163 238
164 194
164 165
165 194
166 216
167 173
167 198
167 224
168 249
168 245
168 184
168 188
170 200
170 171
171 200
171 202
172 227
172 176
172 237
173 193
173 198
174 252
174 225
175 227
176 227
176 237
178 185
181 230
181 201
181 212
181 187
182 203
183 229
183 246
183 203
184 207
184 249
185 222
185 213
186 198
187 201
188 238
189 239
190 235
190 217
190 236
191 199
191 221
193 197
194 239
195 214
195 218
196 227
197 251
198 224
199 234
200 202
201 223
202 233
202 246
206 253
207 241
207 249
209 224
210 225
211 218
212 230
212 233
215 231
215 222
216 252
217 235
219 223
220 250
222 231
224 232
226 241
228 240
229 233
229 246
230 250
233 246
235 254
238 240
240 243
242 244
248 250
