127 284 10.8527
3.05532 0.445153
6.85483 4.0073
4.97869 9.73501
7.97739 7.96702
4.4407 7.06243
9.94667 0.029233
0.542909 0.621674
9.28306 5.46502
3.88583 8.97931
0.467778 6.78637
6.4059 5.03697
6.21616 7.50142
5.66296 9.23463
9.63572 4.6825
4.73091 4.39288
8.82629 7.98864
7.21244 3.13235
6.49412 0.445514
1.17695 2.2482
1.36054 0.344324
9.30739 8.85454
5.63419 6.85468
0.325242 2.44514
3.80445 2.02154
4.76802 10.5671
0.152253 1.57334
5.39367 4.97573
10.7695 6.09446
6.51249 6.67901
0.39399 8.57979
4.22827 3.66325
9.7042 8.05898
8.76231 3.64809
4.71977 0.620152
1.13857 9.16194
2.90488 1.29995
2.23245 8.70794
10.2405 5.34579
10.5957 7.89715
1.04023 1.35384
3.02278 10.4228
2.19505 0.703575
7.67067 6.54549
0.83121 5.96619
10.8171 3.50701
0.310859 5.17795
9.08203 10.7025
6.83511 1.28738
1.40716 8.26297
1.70118 6.34565
10.43 6.96424
4.9061 6.28938
0.648097 7.67794
9.49203 0.808464
3.52781 7.21012
5.97431 4.24082
9.83401 6.19669
1.96934 9.62279
8.85679 6.27719
5.90767 10.1132
2.08431 10.6024
1.53194 7.29657
8.4061 7.15893
10.5342 4.43703
2.88807 2.24854
2.53877 4.58976
8.36303 8.80211
6.58687 9.36162
10.4816 0.78151
3.87637 0.0250261
3.54935 2.99179
2.27023 5.54777
3.91694 6.29005
9.98796 1.67423
5.58655 0.201445
0.668031 4.25331
2.74454 3.60724
6.15424 8.4361
1.68091 4.03564
7.44511 0.510975
3.53056 4.34186
7.32801 4.819
0.232648 9.54396
4.18347 7.97141
3.84567 1.05264
10.2501 2.68091
7.60914 9.50113
4.81613 8.80546
2.53444 7.44069
9.42887 7.12353
4.74004 1.61489
6.25829 3.2649
8.48338 0.656038
7.20089 8.51816
10.2895 8.85407
7.82323 1.50495
8.85869 9.71807
7.8106 3.8915
6.9835 5.81342
8.89921 1.64549
7.18123 7.43059
6.71785 2.29003
5.21943 3.54141
1.99072 1.70304
4.55023 2.6799
1.33391 5.07338
8.06254 5.60299
3.32383 5.39935
2.86166 6.4141
3.1686 8.30505
5.61433 2.38298
9.94956 9.89956
8.64136 4.65579
8.04257 2.58424
0.957355 3.22612
8.07186 10.4871
4.44514 5.34876
2.99533 9.40396
2.00223 2.82597
5.87184 5.87584
9.1653 2.71352
0.0371831 10.6199
1.09631 10.2151
5.78912 1.26458
9.78419 3.68089
5.26106 7.79847
6.93851 10.3858
0 40
0 69
0 35
1 91
1 97
1 81
2 87
2 12
2 24
3 62
3 100
3 15
3 93
3 66
4 72
4 51
4 83
5 46
5 111
5 121
5 53
5 68
6 121
6 68
6 19
6 39
7 13
7 58
7 56
8 109
8 117
8 87
9 43
9 50
9 52
10 55
10 81
10 119
10 98
11 21
11 28
11 125
11 100
11 77
12 77
12 87
12 67
12 59
13 112
13 124
13 63
13 37
14 102
14 30
14 116
14 26
15 62
15 31
15 66
16 101
16 91
16 113
16 97
17 126
17 74
17 79
17 47
18 39
18 103
18 114
18 22
18 118
19 122
19 60
19 41
20 31
20 66
20 94
20 96
21 119
21 51
21 28
21 125
22 25
22 85
22 114
23 84
23 64
23 104
24 69
24 33
24 74
25 68
25 39
26 55
26 116
26 119
27 37
27 43
27 56
27 50
28 119
28 98
29 52
29 94
29 82
30 70
30 102
30 80
31 89
31 38
31 94
32 120
32 97
32 112
32 124
33 84
33 74
33 90
34 48
34 82
34 57
35 41
35 84
35 103
35 64
36 48
36 109
36 57
36 117
37 63
37 45
37 56
38 50
38 52
38 94
39 103
40 117
40 60
40 69
41 60
41 103
42 98
42 106
42 62
42 100
43 45
43 105
43 49
44 85
44 114
44 124
44 63
45 63
45 75
45 105
46 115
46 96
46 92
47 79
47 123
47 101
47 95
48 52
48 61
49 71
49 61
50 89
50 56
51 116
51 119
51 72
52 61
53 92
53 68
53 99
53 73
54 108
54 72
54 88
54 83
55 102
55 91
56 89
56 58
57 117
57 122
57 60
58 106
58 62
58 89
59 126
59 74
60 122
61 88
62 89
63 124
63 75
64 103
64 118
64 70
65 76
65 78
65 80
65 71
66 86
66 96
67 77
67 93
67 86
67 126
68 73
69 84
70 76
70 104
71 105
71 107
71 108
72 107
72 116
72 108
73 85
74 123
75 114
75 78
75 105
76 118
77 125
77 93
78 114
79 126
79 115
79 92
79 95
80 107
81 97
81 98
81 106
82 94
82 122
82 121
83 109
83 125
83 87
84 90
85 120
85 124
86 93
86 126
86 115
87 125
88 108
88 109
90 123
90 104
91 110
91 101
91 102
92 115
92 95
92 99
93 100
94 111
95 99
95 113
96 115
96 111
98 119
98 106
99 120
101 110
102 104
103 118
104 110
106 112
107 116
107 108
109 117
110 123
113 120
114 118
115 126
120 124
121 122
