63 139 7.70702
3.42712 3.42427
2.53188 4.91903
1.5979 1.64016
2.45483 0.0161937
6.8816 5.75466
0.0889155 4.22474
6.28731 5.14117
1.96958 2.39666
5.19862 6.45107
5.11243 0.0635834
6.10513 6.14766
7.38146 1.62399
6.81555 7.64641
1.66716 6.21884
2.47919 5.83198
7.66919 2.46897
0.864743 6.63644
0.0235822 0.62121
5.7864 2.4164
1.73764 5.30379
1.72207 4.37719
3.59687 6.5898
3.38229 5.68018
0.846099 4.70874
2.67511 2.95324
0.0333667 6.19801
4.90755 2.06529
5.92591 0.497165
4.28467 2.80827
0.675142 3.51613
6.73431 2.30006
4.52712 4.89668
6.81847 0.881369
0.858765 5.68168
3.35288 7.52211
6.02189 1.48521
7.38961 3.3845
3.2446 0.823436
6.88779 6.69066
1.88868 0.756964
4.46341 7.06617
2.62508 6.79335
1.66135 7.20624
4.07442 1.45505
0.953636 0.283859
3.41471 2.27569
4.20298 0.399221
7.65269 5.17953
2.63305 3.96225
2.56027 1.61984
5.06371 1.05012
5.37696 5.48335
4.37026 5.92849
6.33791 3.27076
5.23343 3.26321
1.71379 3.35391
0.653947 1.41489
0.977898 2.49883
6.80221 4.29112
4.3024 3.86487
3.48871 4.6533
5.91474 7.15205
0.0795519 7.30001
0 24
0 48
0 59
1 60
1 48
1 19
2 39
2 56
2 49
2 7
3 42
3 41
3 34
3 39
4 10
4 6
4 47
4 38
5 36
5 29
5 58
5 23
5 47
6 58
6 51
7 57
7 49
7 55
7 24
8 52
8 51
8 40
8 61
9 40
9 61
9 50
9 46
9 27
10 51
10 61
10 38
11 32
11 30
11 15
11 56
12 61
12 38
12 62
12 32
13 19
13 14
13 16
14 19
14 22
14 41
15 30
15 57
15 36
16 33
16 25
16 62
16 42
17 62
17 32
17 44
17 56
18 26
18 35
18 30
18 54
18 53
19 20
19 33
20 55
20 23
20 48
21 22
21 52
21 41
21 34
21 40
22 60
22 52
23 47
23 33
24 45
24 55
24 48
25 47
25 33
25 38
26 50
26 28
27 61
27 50
27 32
27 35
28 45
28 54
28 59
29 57
29 36
29 55
30 53
31 60
31 59
31 52
31 51
32 35
33 47
34 41
34 37
34 46
35 50
36 53
36 58
37 46
37 49
37 43
38 61
38 62
39 44
41 42
42 44
43 50
43 46
43 45
44 62
45 49
46 50
48 55
48 60
51 52
53 54
53 58
54 59
55 57
56 57
59 60
