63 142 7.68586
4.65282 0.512539
3.28532 2.22559
7.25772 1.70045
1.06369 6.80994
6.70815 0.90871
6.06244 0.347407
4.39812 3.64439
7.06725 5.7935
2.7411 6.81257
6.94137 6.65547
4.90207 2.93796
0.326792 4.28966
5.83474 4.48811
0.303101 2.52746
1.05183 4.80629
2.63265 1.64908
6.41716 5.18349
1.71392 3.42717
5.28952 3.75776
4.46477 6.9715
2.74685 4.73716
6.13215 7.06323
6.21894 6.09621
1.70082 1.60966
7.40766 3.5902
3.89821 0.0393704
4.42488 1.37439
1.86834 4.35824
6.45177 3.77986
2.80605 5.88186
1.98151 5.33269
2.92924 0.0326905
7.10511 4.52589
4.19635 2.3249
1.07139 5.75818
5.27248 7.52579
3.6233 4.1743
3.6207 6.47622
4.47768 5.91586
0.706626 1.6474
5.3221 6.49802
3.5715 3.13704
0.349997 7.43486
0.719528 3.41468
1.90093 6.35783
0.168708 5.24889
2.20847 0.753135
1.13366 0.614222
1.29256 2.52552
2.67612 3.72075
5.4229 1.08974
1.80895 7.43496
6.99999 2.64206
6.97068 7.64683
0.197958 6.35518
6.27618 1.79566
5.42796 5.4152
3.6473 5.24391
2.394 2.64535
4.61105 4.62642
5.90333 2.8689
3.4291 0.992132
0.0244032 0.806159
0 35
0 25
0 50
0 26
1 15
1 33
1 58
2 62
2 55
2 52
3 54
3 44
3 42
3 51
4 53
4 5
4 62
4 55
5 35
5 53
5 50
6 10
6 18
6 36
6 59
7 22
7 16
7 54
7 45
7 9
8 44
8 29
8 37
8 31
9 22
9 54
9 21
9 53
10 33
10 60
10 18
11 24
11 43
11 32
11 14
11 45
12 18
12 28
12 56
12 16
13 39
13 48
13 52
13 43
14 27
14 45
14 34
15 46
15 61
15 23
15 58
16 32
16 56
16 22
17 48
17 43
17 58
17 49
17 27
19 37
19 40
19 35
19 25
20 49
20 27
20 30
20 57
21 40
21 35
21 53
22 56
22 40
23 46
23 39
23 48
24 52
24 28
24 43
24 32
25 61
25 31
26 61
26 50
26 33
27 49
27 30
28 60
28 32
29 44
29 30
29 57
29 37
30 34
30 44
31 46
31 61
32 45
33 41
34 54
34 45
34 44
35 40
36 49
36 41
36 59
36 57
37 38
38 57
38 56
38 40
39 62
39 48
40 56
41 49
42 54
42 53
42 62
43 48
44 51
46 51
46 47
47 51
47 62
48 58
49 58
50 55
52 55
52 60
53 62
55 60
56 59
57 59
