64 141 7.7074
0.481951 3.11742
5.40887 6.38301
1.61768 0.815059
4.66206 4.65578
0.370983 3.95061
6.81159 7.41908
6.60109 2.74396
0.280384 0.600182
7.18666 5.41311
0.885343 2.36742
2.21323 5.64008
4.36402 7.56244
7.22443 4.37758
6.12247 6.8796
7.56066 1.37388
4.26338 0.739727
4.56989 6.63442
3.0941 3.95862
6.03946 0.130971
1.19587 3.60955
5.5836 4.47176
0.198643 5.95395
0.809676 6.66388
1.80176 1.72316
3.12725 5.5362
5.77714 3.13189
3.62836 2.34994
6.4388 4.88524
2.71719 2.00879
5.19015 0.572439
4.78493 1.52528
1.76218 6.76516
2.50584 1.04363
6.72243 1.82098
5.26277 7.28856
6.95385 0.63401
6.04286 1.08726
6.38882 3.90018
2.1489 3.77549
2.52182 4.74074
2.71765 6.44806
7.09766 6.51798
2.85226 3.00706
7.29614 3.40271
3.71407 4.71549
3.63009 6.93375
3.49253 1.34428
3.38768 0.272144
3.86234 3.34176
0.845032 1.39011
7.60452 2.36882
6.23897 5.89037
5.24121 5.43242
0.0703916 7.353
1.79918 2.75949
1.45274 4.59672
0.36046 4.93565
4.15729 5.70844
4.65639 2.57826
1.15564 7.64796
4.90122 3.69428
5.68493 2.09549
1.2076 5.69966
2.30785 7.69024
0 50
0 9
0 43
0 19
0 4
1 52
1 51
1 16
1 34
1 13
2 59
2 32
2 49
3 60
3 44
3 52
4 43
4 19
4 56
5 13
5 41
5 53
5 18
5 35
6 33
6 25
6 43
7 53
7 14
7 49
8 27
8 56
8 21
9 50
9 49
9 54
10 39
10 62
10 24
10 40
11 45
11 34
11 15
12 43
12 37
12 27
12 56
13 51
13 34
14 35
14 50
14 33
14 49
15 47
15 29
15 46
15 30
16 57
16 45
16 34
17 38
17 42
17 48
17 39
17 44
18 34
18 36
18 29
19 38
19 55
20 60
20 27
20 52
21 56
21 62
21 41
21 22
22 62
22 59
22 53
22 31
23 32
23 49
23 28
23 54
24 39
24 44
24 57
24 40
25 61
25 60
25 37
26 46
26 28
26 58
26 48
27 37
27 51
28 32
28 46
28 42
29 34
29 36
30 61
30 58
31 59
31 63
31 40
32 63
32 46
33 36
33 61
33 50
35 36
36 61
37 43
38 54
38 42
38 55
38 39
39 55
40 45
41 51
41 53
42 54
42 48
43 50
44 57
45 47
46 47
47 63
48 60
48 58
51 52
52 57
53 59
55 62
56 62
58 61
58 60
59 63
