127 286 10.872
6.90999 6.67179
5.25769 8.79455
8.81637 8.93181
10.7487 5.45947
9.56265 1.72119
6.35351 10.346
4.39363 6.36543
10.1228 4.89249
0.643739 9.62046
0.215136 3.69097
8.46913 2.58162
7.85919 6.59126
3.59564 5.06776
5.04746 4.25341
9.93602 5.72665
4.21039 4.46444
10.2412 3.1348
6.49491 7.73196
0.447855 6.1005
9.20438 5.24802
1.80264 3.62173
6.10558 8.64448
4.51643 7.80897
10.2729 4.00867
9.48153 10.7195
2.32703 4.34011
7.31149 5.90931
1.0784 1.2345
4.951 7.03188
1.00111 3.23649
1.84594 0.761453
1.6949 4.99021
0.404684 8.34585
1.90979 2.70789
0.335154 0.70288
10.2723 1.20664
6.69263 1.1
1.18795 7.85813
0.0864719 4.59664
5.29493 3.39449
0.19992 2.79353
4.84909 9.57919
6.57785 4.88838
9.19195 6.24187
9.42274 4.33862
2.91363 9.90325
10.163 10.1045
4.5428 2.60994
2.24967 9.22214
6.01376 0.441445
3.75467 7.00337
2.14769 10.7491
10.4779 6.46291
9.67122 9.22856
10.3197 2.2129
4.35569 3.55796
7.51998 5.00298
0.237069 1.64768
0.783345 5.24187
3.62576 2.90654
7.20967 4.07045
0.209897 10.4258
6.94722 0.170773
5.88882 9.55101
2.83062 7.3357
3.59267 7.97241
1.84634 7.15238
3.83537 1.93241
6.89476 9.59476
10.6637 9.26425
10.817 7.39361
3.88228 9.72639
0.856117 6.9488
9.7053 7.0825
7.66989 10.3442
9.38159 0.802016
10.3497 0.239284
1.91203 1.72889
6.00982 6.90853
5.76317 1.4076
5.99017 4.09191
8.15594 8.25995
8.6672 7.08918
2.69731 3.29298
1.03325 2.26278
6.33857 5.86141
3.51356 6.01932
9.41175 2.6573
5.31633 6.12863
7.70302 3.1667
3.29403 4.1558
1.54327 9.93804
4.27508 8.75614
2.51118 6.35673
3.21259 8.9299
5.53121 2.42915
2.83585 2.23787
8.45509 4.61009
6.54665 2.09958
8.62492 1.54432
7.44323 7.47047
4.26338 10.7031
2.64854 5.28482
10.2736 8.29376
1.03151 4.23502
4.51599 5.40083
1.12341 0.0662132
5.51087 7.85715
7.91891 9.31024
5.57646 5.08406
3.90113 0.878013
3.1748 0.0315384
1.27735 8.87254
8.30668 5.70529
8.52128 0.130847
6.60318 3.20049
9.2064 8.03166
1.45656 6.05353
2.17434 8.17729
8.8652 9.9178
7.1044 8.53654
4.98808 0.67887
7.70886 0.912202
8.74859 3.53922
5.36553 10.4807
7.63399 2.05501
2.80927 1.11557
0 26
0 78
0 100
1 107
1 41
1 21
2 81
2 116
2 108
2 53
2 119
3 38
3 14
3 7
3 18
4 75
4 35
4 99
4 54
4 87
5 63
5 68
5 124
5 62
6 86
6 105
6 50
6 88
6 28
7 44
7 38
7 14
8 69
8 112
8 61
8 91
9 40
9 23
9 104
10 125
10 89
10 123
10 87
11 113
11 26
11 82
11 100
12 90
12 15
12 102
12 86
12 105
13 39
13 15
13 80
13 109
14 19
14 43
14 52
15 55
15 90
15 105
16 54
16 87
16 40
16 23
17 78
17 107
17 100
17 120
18 58
18 52
18 72
18 117
19 97
19 113
20 29
20 83
20 104
20 25
21 107
21 63
21 120
22 28
22 65
22 107
22 92
23 44
23 38
24 119
24 46
24 114
24 75
24 76
25 90
25 31
25 102
26 85
26 113
26 56
27 34
27 30
27 57
27 77
28 88
28 107
29 84
29 40
29 104
30 51
30 106
30 126
30 77
31 104
31 58
31 102
32 103
32 37
32 112
33 84
33 77
33 83
34 76
34 106
34 57
35 75
35 76
35 57
36 49
36 62
36 122
36 79
36 98
37 72
37 66
37 118
37 112
38 104
38 58
39 55
39 95
39 80
40 54
40 84
41 92
41 71
41 124
42 80
42 109
42 85
42 56
43 113
43 82
43 73
44 123
44 97
45 48
45 94
45 71
45 111
46 69
46 61
47 67
47 59
47 55
47 95
48 118
48 112
48 94
48 91
49 124
49 121
49 62
49 79
50 86
50 65
50 64
51 91
51 106
51 111
52 73
52 70
53 69
53 119
54 57
54 87
55 59
56 60
56 97
56 113
57 84
58 104
58 117
59 96
59 67
59 83
60 115
60 89
61 76
61 106
62 74
62 122
63 68
63 124
64 66
64 93
64 118
64 65
65 94
65 92
66 72
66 93
66 118
67 110
67 96
68 120
68 108
69 103
70 72
70 103
71 94
71 92
71 101
72 117
73 82
73 116
74 108
74 114
75 99
77 126
77 84
77 96
78 88
78 107
79 121
79 98
79 95
80 115
80 109
81 100
81 116
81 120
81 108
82 116
83 96
83 90
85 109
85 88
86 93
87 123
88 105
88 109
89 125
89 115
89 123
91 112
91 106
92 94
93 102
93 117
95 98
96 126
97 123
97 113
98 125
98 115
99 122
99 125
100 120
101 124
101 111
101 110
101 121
103 116
105 109
108 120
108 119
110 126
110 111
110 121
111 126
112 118
114 119
114 122
121 124
122 125
