254 568 15.3718
7.53735 7.75069
8.8356 14.5762
0.731572 1.12369
2.14935 14.354
10.1693 7.45532
12.8692 4.28329
4.60105 8.63383
12.6226 5.08534
12.0594 11.8994
2.29034 13.5267
8.45874 0.475331
5.1477 13.553
3.13261 0.493124
12.1433 8.01524
0.0960798 8.83094
2.89231 8.06527
1.69738 12.919
9.15052 15.3563
11.5747 9.55579
3.29791 15.0354
10.1387 6.58435
7.67133 12.4357
1.2828 7.8232
2.52349 12.709
2.5654 1.7432
0.667487 9.47109
9.48964 10.5739
8.08154 6.97372
11.3247 7.77384
7.79836 11.5824
15.2373 12.4364
12.746 0.326828
5.63332 3.06049
6.10769 10.9271
14.9942 10.948
5.49489 10.2469
12.2767 13.3194
12.4976 1.95106
8.13228 15.0519
14.3317 5.36895
0.509075 14.7565
0.464724 13.8892
11.4325 6.28785
13.4811 13.0277
3.42831 1.77012
4.09556 12.6037
11.0087 2.65162
2.36574 0.888703
10.9063 7.00219
7.83375 9.6126
10.569 8.22325
7.72747 6.16365
1.27982 12.1079
3.74566 2.60102
8.07331 14.168
1.98218 3.43792
7.5952 0.38075
2.23699 10.7467
0.944047 8.62996
2.2291 7.47603
7.00579 9.2603
14.325 12.7201
15.1871 9.70605
6.99271 4.21687
6.18173 6.75227
9.27845 12.7909
4.87458 12.1769
1.53831 9.3022
1.50511 10.2103
10.2088 10.0516
13.0464 13.8116
10.7089 12.0037
10.0153 4.87475
6.20464 14.7105
10.1441 2.39926
2.83217 2.59501
9.71552 9.274
8.03434 4.47122
13.2241 6.64592
1.90306 2.52696
12.371 3.55277
10.2015 13.758
11.5368 8.66072
7.32783 5.08182
14.8598 7.06369
3.33245 13.1077
3.08442 11.1071
0.840475 6.02696
13.8307 11.1447
0.497377 0.283171
8.63772 6.25984
9.69897 4.00121
5.73312 5.93753
0.403103 6.86213
14.1075 13.7017
5.96877 11.8276
8.24063 5.39213
12.7124 12.5152
10.0523 0.22411
10.3837 3.33506
3.82558 5.36507
5.864 7.62982
3.01398 8.96437
14.6675 7.99197
4.02485 14.4945
1.4238 14.8925
14.4293 3.05763
4.87464 7.77482
11.6015 5.37637
14.1071 14.666
10.2215 12.8089
5.49904 8.52291
15.0356 14.3661
11.9392 2.69604
3.49692 6.26965
12.9146 2.77773
12.9371 7.56251
6.51242 2.07059
3.21553 7.20972
11.1122 10.3475
12.7969 8.64165
4.72671 2.83354
6.87423 11.4627
5.03371 3.77671
3.91318 0.970507
11.3636 11.3076
5.2431 6.86727
10.251 1.4454
4.98139 9.46087
5.29421 5.06876
2.92126 3.55329
0.0434394 3.01271
0.248116 3.98654
8.48075 2.79387
9.44474 3.06104
1.7379 5.63715
13.7437 8.3329
1.40628 13.8058
9.23652 13.7528
1.34454 11.1581
10.9082 4.49682
13.6001 12.0914
11.2156 1.72649
4.21801 13.5359
14.567 11.786
8.5629 12.1388
5.63641 12.7564
13.7247 4.63952
3.34565 10.165
12.5033 9.60217
0.898033 5.05537
13.9159 7.33826
4.41562 4.57494
8.7332 3.78438
15.0429 13.3641
15.1784 1.07149
1.08342 3.07728
14.1741 1.29015
7.73811 8.64881
14.5428 8.97942
7.1321 6.92588
4.04467 11.3677
9.76645 14.6382
6.6445 0.213498
9.03337 4.7785
8.68783 10.0693
3.36498 4.47858
11.94 4.43851
12.8509 11.3896
13.3978 5.62138
4.38816 1.86853
8.70605 11.1199
1.2628 4.09574
3.95887 9.32711
13.1331 1.21699
13.1814 10.3935
13.0988 14.798
10.6965 9.19151
14.5907 4.06237
6.04211 3.93617
2.01789 8.44218
2.39586 9.7715
4.22032 6.99168
15.2047 6.02684
2.36687 15.2816
13.7855 2.26239
11.3699 3.55669
14.1785 6.32944
9.20882 2.05182
6.32375 4.95343
5.09447 14.5157
6.76527 10.2184
9.56987 11.8361
12.1694 14.2896
3.26926 12.0945
12.0249 7.06765
0.308628 7.87163
9.57811 8.25835
7.76795 10.6057
3.077 14.0895
9.50316 5.74095
15.2167 4.94637
13.5502 3.59651
7.21589 14.6822
5.5769 0.123684
7.1644 1.27272
3.86415 8.01904
6.69627 3.08558
0.377112 11.5925
12.1245 10.5942
7.70672 3.50642
6.76098 5.93139
1.42474 6.86232
9.28262 7.0571
10.8218 14.8373
6.02532 9.41387
11.2102 13.7924
10.9805 0.683108
2.28975 4.40058
10.3424 11.0595
12.4023 6.0389
0.71638 12.934
11.8229 15.3229
14.8642 2.10663
2.2257 11.7603
7.53029 2.32637
6.6922 12.5661
8.74499 8.99285
6.06189 1.11674
6.12351 13.6997
4.39338 10.3359
9.31063 0.960902
2.78423 5.399
14.862 0.0341988
13.5502 9.37777
1.60315 1.54123
10.6099 5.70893
14.3029 10.2191
8.32975 13.1854
6.6988 8.27778
12.048 1.05119
2.45752 6.47302
4.68565 5.95841
3.98526 3.586
4.46772 0.0700102
11.4733 12.6992
13.755 0.298427
8.27179 1.45631
0.508492 10.4687
8.51993 7.88176
5.45748 2.06488
7.24944 13.5564
0.61618 2.10169
5.13134 11.1898
0 160
0 249
0 239
0 158
1 54
1 138
1 38
1 17
1 162
2 155
2 89
2 252
2 235
3 137
3 9
3 199
3 105
3 184
4 213
4 48
4 50
5 167
5 80
5 202
5 147
5 7
6 206
6 107
6 173
6 111
6 128
7 167
7 169
7 220
8 125
8 168
8 245
8 97
9 16
9 23
9 137
9 199
10 38
10 17
10 56
10 231
10 247
11 146
11 143
11 229
11 190
12 184
12 19
12 47
12 124
13 195
13 28
13 116
13 82
13 120
14 159
14 58
14 25
15 118
15 206
15 180
15 102
16 221
16 23
16 137
17 162
17 231
18 177
18 82
18 119
18 149
19 199
19 184
19 104
20 236
20 213
20 48
21 29
21 226
21 145
21 238
22 212
22 196
22 58
22 180
23 224
23 194
23 85
24 47
24 235
24 44
24 75
25 58
25 67
25 62
25 248
26 165
26 69
26 171
26 219
27 160
27 51
27 90
27 249
28 48
28 50
29 198
29 122
29 145
30 144
30 208
30 221
30 154
31 222
31 176
31 240
31 246
32 250
32 121
32 123
32 179
33 191
33 253
33 122
33 95
34 237
34 248
34 144
34 208
35 215
35 128
35 253
36 245
36 97
36 193
37 240
37 174
37 115
37 113
38 54
38 203
38 56
39 147
39 169
39 201
39 187
40 41
40 112
40 105
40 89
41 221
41 154
41 137
41 112
42 236
42 108
42 48
42 220
42 195
43 97
43 141
43 61
43 94
43 70
44 124
44 170
44 53
45 194
45 66
45 85
45 143
46 142
46 99
46 74
46 113
46 186
47 184
47 235
49 60
49 158
49 198
49 165
50 197
50 177
51 96
51 211
51 160
51 90
52 224
52 139
52 221
53 170
53 75
53 243
54 251
54 238
54 203
55 156
55 79
55 218
55 172
55 130
56 163
56 205
57 68
57 181
57 224
57 86
58 196
58 67
59 212
59 241
59 180
60 239
60 215
60 158
60 191
61 144
61 141
61 154
62 159
62 237
62 248
63 210
63 179
63 189
63 83
64 126
64 92
64 211
64 160
64 101
65 145
65 192
65 110
65 238
65 138
66 253
66 146
67 180
67 68
67 181
68 248
68 181
68 139
69 76
69 177
69 119
69 219
70 193
70 176
71 219
71 125
71 110
71 245
72 91
72 140
72 164
72 236
72 200
73 229
73 203
73 204
73 163
74 188
74 127
74 134
75 79
75 130
76 227
76 177
77 210
77 153
77 96
77 83
78 220
78 187
78 116
78 151
79 235
79 156
80 115
80 113
80 186
80 167
81 110
81 138
81 216
81 162
82 177
83 189
83 211
84 187
84 93
84 151
84 103
85 194
85 199
85 143
86 148
86 161
86 194
87 150
87 135
87 183
87 93
87 212
88 175
88 237
88 144
88 141
89 233
90 96
90 200
90 213
91 134
91 99
91 153
92 129
92 242
92 211
93 183
93 212
93 196
94 154
94 109
95 253
95 122
95 146
95 226
96 164
97 141
98 162
98 231
98 217
99 134
99 186
100 166
100 152
100 232
100 114
100 242
101 126
101 111
101 239
102 173
102 181
103 151
103 196
103 136
103 159
104 199
104 143
104 244
105 184
106 185
106 223
106 131
106 202
106 178
107 182
107 126
107 206
107 111
108 167
108 236
108 220
109 176
109 112
109 246
109 233
111 215
112 154
112 233
113 115
114 241
114 182
114 118
115 185
115 202
116 195
116 151
117 228
117 250
117 225
117 205
117 207
118 241
118 182
118 206
119 209
119 219
119 125
120 234
120 136
120 149
121 170
121 250
121 243
121 123
123 243
123 152
123 179
124 244
124 170
125 209
125 219
126 242
126 182
127 231
127 217
127 142
128 173
128 215
128 230
129 152
129 189
129 242
130 218
130 166
130 243
131 223
131 252
131 132
132 178
132 172
132 201
133 225
133 188
133 210
133 134
133 153
134 188
134 153
135 150
135 232
136 151
136 234
136 159
138 238
138 162
139 248
139 208
139 224
140 186
140 167
141 168
141 144
142 217
142 240
145 171
145 192
145 238
146 226
146 229
147 202
147 178
147 169
148 173
148 181
148 230
149 234
149 209
149 175
150 172
150 201
151 187
152 243
153 210
153 164
155 233
155 157
155 223
156 252
156 172
157 246
157 185
157 174
157 223
158 249
158 227
159 234
160 211
161 230
161 253
161 194
162 214
163 203
163 204
163 228
164 200
165 227
165 198
165 171
166 218
166 243
166 232
167 186
168 209
168 175
169 220
169 187
170 250
171 198
172 218
173 230
174 240
174 246
175 234
175 209
176 193
176 246
178 201
179 207
179 189
182 206
183 201
183 187
185 223
188 231
188 247
189 211
190 244
190 204
191 215
191 198
192 219
193 216
193 222
194 224
195 220
197 249
197 227
200 236
203 251
204 244
204 228
205 228
205 247
205 225
207 210
208 248
212 241
213 249
214 216
214 222
216 245
217 222
217 240
218 232
222 240
223 252
225 247
226 251
227 249
228 250
229 251
230 253
232 241
233 246
234 237
235 252
238 251
