127 292 10.8618
6.9146 5.63389
5.35284 10.8122
6.73873 7.12286
8.64998 7.47782
7.63189 2.69003
7.98203 1.92973
7.32095 8.41467
2.98785 9.60583
2.44252 1.70449
5.21643 6.28415
8.81589 2.09245
9.64571 2.31854
1.48836 6.90466
9.32556 3.12089
5.84179 3.19082
8.14544 10.2275
4.49879 10.8116
4.51743 1.68848
6.42361 6.32569
0.423338 1.2396
8.18401 8.34344
3.72408 6.99177
7.12186 2.00209
10.7708 4.09613
1.49704 3.43853
5.50413 4.78557
2.50787 8.71402
0.0789452 7.69169
8.75091 3.79566
8.33925 4.60434
10.7115 5.97731
8.29184 6.67715
9.28831 10.3315
8.47405 2.90645
3.01524 7.96679
5.31091 3.90409
0.0601891 0.372941
3.92901 0.646855
5.83084 0.68236
6.40241 4.92413
5.8258 5.64408
4.20924 6.21693
8.79578 5.90683
5.51875 1.55876
2.81114 7.06213
1.00626 7.67269
6.23916 4.00681
10.6002 2.08719
8.7587 9.55752
6.50207 1.32994
9.22593 6.74922
1.23127 6.01599
9.43471 1.43044
2.42006 3.37595
4.52628 3.38791
7.67002 0.155806
2.98256 0.582757
3.4408 8.81661
3.59509 10.6239
1.56896 8.66851
2.00803 0.498748
8.64049 0.150817
10.3614 1.14604
1.89052 5.29253
0.464475 10.3635
7.45957 1.12007
0.535333 5.32657
1.01353 0.515027
7.36122 6.43921
3.91393 9.6894
3.23255 6.18209
9.76224 5.9198
10.857 9.4711
7.21335 10.0905
4.81376 5.44223
4.87798 0.814898
7.80371 3.60317
1.01803 9.51312
2.04828 9.5575
6.01406 10.1212
8.47971 1.14126
9.10193 8.62083
6.75769 9.16893
2.93119 2.51905
1.98442 4.27932
1.5415 1.40045
7.80613 9.23676
2.20605 6.26723
9.57639 7.68848
6.19484 2.2963
9.62364 0.431904
9.24169 5.01235
3.78202 5.31018
10.2812 3.04828
5.78952 7.06014
10.2451 6.85467
6.81466 3.17726
0.542298 8.57221
3.99389 2.51309
1.49404 10.4571
4.59416 8.89541
4.70832 7.09811
6.64807 0.115829
10.2888 10.4437
2.5761 10.4867
7.33263 4.54227
1.85361 2.49987
2.03117 7.72986
7.86985 5.50344
3.0213 4.54468
4.95073 9.93095
10.3138 8.47917
5.68616 9.09212
9.78941 9.4544
4.43341 4.43165
4.03052 7.95184
0.780025 2.17312
5.2994 8.04022
10.3509 5.01764
5.10776 2.50951
0.495192 6.76371
7.65644 7.4794
0.900189 4.32951
3.43235 1.5481
9.75409 4.03233
0.496572 3.26268
3.472 3.50538
0 39
0 108
0 18
0 68
1 16
1 110
1 38
2 94
2 18
2 68
2 121
3 31
3 121
3 88
4 22
4 5
4 96
4 76
4 33
5 80
5 22
5 10
6 121
6 20
6 82
6 86
7 78
7 57
7 104
7 69
8 85
8 123
8 83
9 74
9 40
9 101
9 94
10 52
10 11
10 33
11 52
11 13
11 93
12 120
12 87
12 45
12 107
13 33
13 93
13 28
13 124
14 89
14 119
14 96
14 35
14 46
15 48
15 73
15 55
15 61
16 58
16 110
16 37
16 75
17 75
17 98
17 119
18 40
18 94
18 68
19 62
19 67
19 116
20 121
20 86
20 81
21 70
21 44
21 101
21 41
21 115
22 65
22 89
22 49
23 125
23 124
23 122
23 118
24 125
24 106
24 53
24 84
25 35
25 74
25 40
25 39
26 34
26 78
26 59
26 57
27 120
27 45
27 111
27 97
28 76
28 29
28 124
29 105
29 108
29 91
30 118
30 71
30 66
30 95
30 120
31 42
31 68
31 50
31 121
32 48
32 113
32 103
32 61
33 76
34 44
34 107
34 115
34 57
35 54
35 114
35 46
36 103
36 64
36 62
36 67
37 58
37 56
37 75
37 123
38 75
38 102
38 43
38 49
39 46
39 105
39 40
41 92
41 74
41 70
41 101
42 108
42 91
42 71
42 50
43 75
43 89
43 119
44 87
44 70
44 107
45 120
45 107
45 97
46 96
47 62
47 116
47 93
48 86
48 81
48 113
49 65
49 89
50 71
50 95
50 88
51 66
51 63
51 120
51 87
52 90
52 80
52 62
53 106
53 126
53 83
53 84
54 126
54 98
54 119
54 114
55 102
55 65
55 61
56 104
56 60
56 123
57 115
57 69
58 104
58 69
59 107
59 97
59 77
59 78
60 99
60 104
60 67
60 85
61 90
61 80
62 90
63 84
63 87
64 72
64 77
64 103
64 99
65 80
66 122
67 99
67 85
68 108
68 121
69 100
69 110
70 92
70 87
71 91
71 118
71 95
72 113
72 97
72 77
73 82
73 86
73 102
74 114
74 92
76 105
77 97
77 78
77 99
78 99
78 104
79 112
79 110
79 102
81 88
81 113
82 112
82 86
83 123
83 106
83 98
84 122
84 109
85 116
88 95
88 111
89 119
89 96
90 103
91 124
91 118
92 109
92 114
93 125
93 124
94 101
94 117
95 120
97 111
98 123
98 126
98 119
99 104
100 115
100 117
100 112
100 110
101 115
101 117
103 113
105 108
106 116
109 126
110 112
111 113
112 117
116 125
118 124
122 125
