63 140 7.6925
0.118832 7.04376
0.458529 6.28003
6.08287 4.92193
5.33994 4.50595
1.40353 1.91491
7.26893 1.74911
0.0805219 4.69811
1.94137 6.79314
4.46421 4.93526
6.18177 0.31364
1.93191 4.1739
6.73195 3.36002
6.87914 4.54307
1.0126 2.70322
4.40235 5.96032
7.47968 3.86028
2.24411 2.16096
0.626691 5.4121
7.21605 5.39559
2.66885 0.328754
7.68592 0.955567
5.46188 7.44944
6.10581 4.03125
0.672265 3.56218
0.497812 0.149174
5.51673 0.958585
1.34335 6.0897
5.45756 6.49441
2.82289 7.07327
3.58597 6.44969
7.23753 6.35448
3.07957 2.60996
1.0338 7.02301
0.478051 1.92035
3.93582 2.08308
3.89557 1.06813
5.678 1.93641
3.03857 1.60191
4.91957 3.66564
2.76927 4.65089
6.59582 2.40445
6.47856 1.23198
1.01611 4.49934
2.92899 3.62087
3.7545 4.28577
5.79077 3.07695
1.67799 0.148438
4.84829 2.57871
4.67892 0.391756
6.37081 6.98747
2.08825 1.16052
5.27999 5.47631
1.01417 1.01959
3.64534 0.0279526
1.84599 5.18489
7.15296 0.074446
3.94555 3.20869
6.30769 5.87828
3.55994 5.38626
7.60563 2.83489
2.60458 6.02611
1.932 3.15157
4.51292 6.98452
0 30
0 1
0 32
0 55
0 24
1 30
1 17
1 26
2 22
2 3
2 57
2 51
3 38
3 22
3 51
4 52
4 33
4 16
4 13
5 41
5 20
5 40
5 33
6 15
6 42
6 18
6 17
7 26
7 60
7 32
7 28
8 44
8 58
8 51
9 21
9 25
9 55
9 41
10 61
10 42
10 39
11 40
11 45
11 59
11 22
11 15
12 22
12 15
12 18
13 33
13 23
13 61
14 58
14 51
14 29
14 62
15 59
15 23
16 50
16 37
16 61
16 31
17 42
18 57
18 30
19 28
19 50
19 46
19 53
20 55
20 52
20 24
21 62
21 49
21 27
21 48
22 45
23 59
23 42
24 32
24 55
24 52
25 48
25 41
25 36
26 54
26 32
27 57
27 51
27 62
27 49
28 60
28 29
28 53
29 60
29 58
29 62
30 57
31 37
31 34
31 43
31 56
32 46
33 52
33 59
34 35
34 37
34 47
35 53
35 48
35 37
36 40
36 47
37 50
38 56
38 45
39 43
39 44
39 54
39 58
40 45
40 59
42 54
43 61
43 56
43 44
44 56
45 47
46 52
46 50
47 56
48 62
48 53
49 57
49 55
50 52
51 57
53 62
54 60
58 60
