127 287 10.844
9.72908 7.05187
8.21357 1.50752
6.8645 1.69599
7.14607 3.10732
2.55244 9.32387
2.12392 1.00636
8.7538 3.81578
4.80386 4.83195
6.57502 2.4888
4.82491 3.27438
4.47867 4.0536
3.36048 0.945672
6.26848 4.43109
3.81915 1.85128
10.7611 3.77095
7.76224 7.12619
1.56941 4.63609
1.50089 7.36417
8.08046 4.34966
1.61411 6.49611
4.34497 2.54936
10.5922 0.415094
10.6489 2.11237
0.166737 10.4136
1.08153 10.3243
0.273968 1.13336
8.07844 5.23245
7.6077 8.73204
3.26676 8.03549
3.4684 6.16802
5.83366 10.8164
5.64293 5.04809
10.3886 2.96961
9.94089 8.72706
7.94622 3.46228
2.56745 4.44653
1.45064 2.75996
1.24288 1.08367
3.93431 3.35655
5.47477 2.66548
9.93675 5.19946
4.83393 0.00410729
4.21173 6.69696
2.40629 7.36606
9.09405 1.37646
3.35385 2.62661
8.89632 5.81263
0.698699 0.318074
1.64978 0.238078
9.30544 7.83081
1.66424 9.20319
4.11864 9.87943
4.93214 1.83588
6.41603 0.916531
2.3973 2.70705
0.736602 9.45814
0.688132 6.45849
5.04274 8.10211
8.996 8.73565
9.50288 3.30141
5.39513 4.12879
6.66813 8.85243
3.33205 7.09732
9.80266 6.15113
6.13087 6.92018
10.6004 6.78967
8.98314 10.4946
4.15057 7.67048
2.5538 6.41244
7.90263 10.548
1.84109 1.88234
9.52352 0.495514
7.17793 7.87085
7.98865 6.18104
7.04314 6.52247
9.48663 9.61034
4.57927 8.99193
10.049 10.4703
0.516257 3.03984
5.93548 1.79962
0.833331 4.02899
9.92152 4.21674
10.1642 1.28376
2.96539 3.54412
2.99903 5.32312
4.30634 1.03166
9.98691e-05 4.71917
0.217068 8.58501
4.05072 5.39325
2.85986 1.75729
1.22918 8.29337
3.13074 10.0653
0.879373 5.31454
5.12424 7.08586
7.15282 4.06291
5.12716 9.89079
10.7631 5.77442
5.63364 8.93926
0.530668 7.48092
2.05586 10.1482
7.62892 2.27314
7.44371 0.92455
3.57803 4.42213
8.47544 0.57454
10.3317 7.80127
7.29971 9.68513
6.11618 7.96293
10.5476 9.53149
7.07243 5.15792
8.63012 2.71852
6.20962 5.87001
3.81239 0.066096
8.27495 7.97368
1.94316 5.55161
2.31436 8.38327
0.78722 1.99601
2.69364 0.212987
8.99058 4.77746
5.37437 0.881017
6.21881 9.87216
6.86299 10.8089
3.49816 9.02575
8.7522 6.93829
8.40203 9.59634
9.64931 2.251
1.87799 3.68221
6.19915 3.42169
0 122
0 65
0 63
0 49
0 104
1 101
1 103
1 100
1 44
2 53
2 101
2 79
2 100
2 8
3 100
3 126
3 8
3 34
3 94
4 114
4 50
4 121
4 99
4 91
5 48
5 37
5 116
5 70
6 34
6 59
6 18
6 117
7 10
7 60
7 88
7 31
8 79
8 126
9 38
9 20
9 39
9 10
10 38
10 102
10 60
11 116
11 111
11 85
11 89
12 126
12 60
12 94
12 31
13 85
13 89
13 45
13 20
14 32
14 78
14 81
14 86
14 80
15 74
15 122
15 72
15 112
16 80
16 125
16 92
16 113
17 19
17 98
17 90
17 43
18 34
18 94
18 117
18 26
19 113
19 56
19 68
20 52
20 38
21 77
21 25
21 82
22 124
22 82
22 115
22 32
23 107
23 77
23 47
24 55
24 99
24 47
25 47
25 82
25 115
26 117
26 108
26 73
27 72
27 112
27 61
27 105
28 62
28 114
28 67
28 121
29 84
29 88
29 68
29 62
29 42
30 120
30 119
30 118
31 60
31 110
32 124
32 59
32 78
33 104
33 58
33 107
34 109
34 94
35 83
35 125
35 102
35 84
36 115
36 70
36 78
36 54
36 125
37 47
37 48
37 115
38 83
38 45
39 79
39 126
40 117
40 81
40 96
40 63
41 95
41 111
41 118
42 62
42 93
42 67
43 68
43 62
43 114
44 103
44 71
44 124
45 89
45 54
45 83
46 117
46 73
46 63
47 48
48 99
48 116
49 122
49 112
49 104
49 58
50 114
50 90
50 55
50 99
51 121
51 76
51 91
51 95
52 118
52 79
53 120
53 118
53 101
53 79
54 70
54 83
55 107
55 87
56 96
56 65
56 98
57 93
57 67
57 76
57 97
58 112
58 123
58 75
59 124
59 109
59 81
60 126
61 106
61 97
61 105
62 67
63 96
64 110
64 93
64 74
64 106
65 96
65 104
65 98
66 123
66 75
66 103
66 71
68 113
69 123
69 120
69 105
69 103
70 115
70 89
71 77
71 103
71 82
72 106
73 74
73 122
74 110
75 123
75 107
75 77
76 121
76 97
76 95
77 107
78 115
78 80
79 118
80 125
81 117
81 86
82 124
83 125
83 102
84 102
84 113
84 88
85 111
85 118
86 96
86 92
87 104
87 90
87 107
88 102
90 98
90 114
91 121
91 99
91 116
91 111
92 96
92 113
94 108
95 97
95 119
97 106
97 119
98 104
99 116
100 109
101 120
101 103
105 123
105 119
108 110
109 124
111 116
112 122
119 120
