64 143 7.70095
0.0030295 0.632105
2.53613 3.02989
4.92012 1.92373
6.97226 6.06599
5.81701 4.66896
6.1424 2.89087
0.140224 3.22471
7.36163 1.41022
4.91006 6.19524
4.00915 6.26017
1.28511 0.73059
1.86594 2.50033
4.52011 6.98125
2.83336 6.41529
5.36489 5.41171
5.79512 6.19986
4.42242 1.20483
7.48165 4.04184
4.30136 2.55044
5.8333 0.312071
6.9443 3.28567
1.62148 7.58169
6.56322 4.17166
3.55642 1.53539
2.54169 7.38267
0.570508 1.31584
0.900419 6.766
5.36593 1.1364
1.25013 5.85524
6.3253 5.42333
0.676739 0.0269224
5.22152 2.78687
1.48327 1.64662
1.02788 2.93184
0.68084 5.04198
1.65754 4.78984
5.84677 2.00516
6.44175 1.18504
5.46373 7.10814
1.89137 6.62952
4.40285 5.39282
4.88625 4.4743
2.2371 5.64261
4.40698 3.53713
0.238249 2.26777
3.82921 4.52625
3.31851 2.50639
6.48403 6.89173
6.86932 2.25196
0.230381 5.98158
2.2689 0.668034
5.64532 3.72441
3.32448 3.58462
6.84467 0.206869
3.36329 0.53004
1.89718 3.75254
3.53834 7.13683
2.53695 1.74283
7.31256 5.05489
4.78913 0.253617
0.802418 3.97992
3.32283 5.51515
2.71538 4.53887
7.574 7.03822
0 53
0 30
0 7
0 25
1 11
1 46
1 55
1 52
2 16
2 27
2 18
2 36
2 31
3 29
3 49
3 47
4 51
4 41
4 22
4 29
4 14
5 36
5 48
5 51
5 31
5 20
6 44
6 20
6 33
6 17
6 60
7 37
7 48
7 25
8 40
8 15
8 12
9 61
9 40
9 56
9 12
10 21
10 30
10 50
10 25
10 32
11 57
11 32
11 33
12 56
12 38
12 59
13 42
13 61
13 39
13 56
14 40
14 15
15 29
15 38
15 47
16 59
16 27
16 23
17 20
17 58
17 22
17 60
18 46
18 43
18 31
19 38
19 27
19 53
21 39
21 24
21 30
21 50
22 51
23 54
23 57
23 46
24 39
24 56
24 50
25 44
25 32
26 49
26 28
26 63
26 39
27 59
27 36
28 34
28 49
28 42
28 39
29 58
30 63
31 36
31 51
32 57
33 44
33 60
34 58
34 60
34 35
34 49
35 55
35 62
35 42
36 37
36 48
37 53
38 47
38 59
39 42
40 45
40 41
40 61
41 43
41 51
41 45
42 61
43 52
44 48
45 52
45 62
45 61
46 57
46 52
47 63
47 53
49 58
49 63
50 54
50 57
52 62
53 63
54 56
55 60
55 62
61 62
