256 580 15.3398
13.7884 8.00729
0.794593 3.58278
11.0398 5.72089
9.7406 11.582
8.31163 3.3111
6.49068 6.11575
13.817 2.72294
1.85045 5.81545
11.9569 7.3711
5.82602 14.7603
0.442667 7.87876
10.1149 7.37086
11.7456 14.2248
11.6229 3.13544
11.7133 13.383
14.6333 2.51155
13.7002 10.7343
8.33184 2.42922
2.6286 5.49951
10.0153 13.458
14.4054 13.1042
11.882 0.694407
12.6222 0.255901
10.2239 4.02191
6.87577 7.35338
12.5363 13.6119
8.2355 13.6405
4.27462 4.57267
10.3303 8.99638
9.67451 6.55464
5.37799 1.20247
10.7683 3.10068
12.8479 10.7957
12.3482 8.97004
8.29725 14.8261
11.8938 8.22744
2.05915 3.02357
0.504155 2.22412
9.90779 3.21665
4.49232 13.4294
5.29532 9.4702
2.85323 14.0701
14.0657 1.78774
2.80867 7.70381
6.15567 10.9545
1.26289 7.60717
3.76959 10.4187
2.06587 7.22242
0.973023 11.2676
1.51996 11.978
15.2924 5.03736
11.2358 2.35196
11.0377 0.447649
11.4585 11.594
9.80048 9.7037
2.50062 2.25572
6.35707 13.9199
12.95 12.4251
7.84261 8.73089
4.54449 9.95888
7.49749 15.2143
3.31572 12.2964
8.12163 10.6142
9.23289 15.1346
4.54886 10.8622
6.70209 14.7643
10.7004 9.80393
10.585 11.8101
11.1963 8.78858
7.00718 8.35522
2.26652 14.7573
9.08107 2.88889
4.18746 12.5813
9.23955 7.33429
4.92724 2.78123
9.71168 4.74792
2.00563 8.12931
7.19524 12.2249
12.3317 1.46318
4.419 0.824617
0.683308 9.48121
2.54493 0.29001
8.80416 4.9243
1.19088 2.8014
10.6403 4.82205
7.17378 9.36525
13.5873 7.15193
0.243936 14.8456
6.69558 3.53643
9.78389 10.6602
13.5883 5.08651
6.28394 10.0458
15.2981 5.96329
5.13084 4.84247
1.62016 9.43985
13.3293 11.5748
0.919035 4.46185
7.19184 1.87182
7.01394 11.2959
13.8811 12.3591
2.44646 11.9718
10.9216 14.8379
1.64998 3.8397
6.49463 2.52521
7.5981 3.85997
0.101843 13.0868
8.09906 5.73119
12.3835 11.5926
4.21418 15.2348
3.34663 6.94836
11.3315 1.42354
6.87371 4.4996
11.8399 15.1248
3.41149 5.975
14.4154 5.5824
8.0891 9.64936
5.78903 3.18481
14.5832 10.5121
2.53346 6.41329
7.86506 4.78344
12.1973 3.84612
8.97313 12.1279
3.20479 14.9416
6.06969 6.90987
9.07116 5.84655
14.8995 9.58504
6.15459 12.9897
7.78332 7.48429
5.38553 10.4076
12.1775 2.41064
12.7099 4.68946
5.94575 4.1593
4.92984 14.5521
5.32484 11.408
4.00541 11.6393
7.21136 10.336
5.61295 2.10909
0.0540713 3.045
10.1448 0.106254
12.6846 6.79855
3.37625 8.45734
11.9935 12.4986
8.93068 11.1407
8.95426 10.1443
14.2912 11.4584
0.07401 8.72458
0.218452 10.3307
7.14302 5.4616
8.99707 14.2001
0.754351 1.31552
1.22256 10.3319
3.47772 0.574019
14.8725 12.2856
3.36817 9.5544
13.534 0.0134169
1.59503 1.90687
5.41798 13.6698
7.53029 14.2606
3.00066 3.07793
10.8847 13.8368
0.00279213 4.06827
4.30066 6.63711
13.8084 14.2865
13.8628 9.79893
6.32073 1.37301
1.32338 12.9294
6.31711 0.325172
0.578043 12.2047
9.91324 12.5097
6.11866 7.922
13.2099 1.00551
10.3555 1.14979
14.3873 8.71793
8.13091 1.50496
12.503 5.69506
14.4333 4.56509
10.0087 14.4172
3.94877 2.66902
12.807 9.82599
2.50008 8.98713
11.18 3.97662
13.5065 4.04155
13.1359 2.05963
2.64202 4.0604
11.6768 9.65997
4.05647 7.67879
10.6439 6.58738
1.10708 8.57152
11.8876 10.7029
3.8183 3.72789
8.10628 12.6799
3.95059 14.2447
8.30745 0.457545
8.60254 8.09412
15.325 11.3362
13.4518 13.2859
2.44024 1.27702
10.0878 5.67106
0.226502 6.94585
12.9408 3.12298
1.26269 14.8567
3.35429 4.86781
14.8124 7.7337
5.21855 8.48289
9.34347 0.789078
1.77681 13.8925
7.99187 11.6056
9.08212 13.159
8.47046 6.69532
7.46073 2.85344
3.4652 13.2861
6.21888 11.9496
4.60457 1.81766
4.27134 8.9994
1.95811 11.077
0.683934 13.9264
2.43455 10.076
13.3253 8.86467
11.7071 6.42459
14.434 3.47895
2.40308 12.9971
9.69219 8.24678
8.98771 9.10251
10.96 12.7577
1.88464 4.8467
9.15129 1.87378
3.06868 11.1366
14.2727 0.801423
7.38544 6.50269
5.24331 0.217338
4.37579 5.55887
14.5702 15.059
10.8023 10.8167
12.8223 7.85865
11.0321 7.72186
7.26781 0.846092
13.5044 6.11685
0.0313898 0.519021
14.8893 13.9781
15.0556 1.61044
7.17099 13.2558
5.36587 6.11107
12.7566 14.5915
1.26795 6.59805
6.20073 9.00857
9.0921 3.92135
4.92884 3.81267
10.2202 2.24754
6.09254 5.21929
3.4859 1.66528
5.21618 12.4799
14.5021 6.65036
1.55233 0.593828
5.11607 7.36808
0.902353 5.50878
11.677 4.9631
0 233
0 86
0 217
0 172
1 137
1 83
1 160
1 96
1 102
2 197
2 255
2 218
2 186
3 142
3 168
3 67
4 209
4 71
4 104
4 245
5 248
5 147
5 123
5 228
6 182
6 199
6 219
6 15
7 254
7 224
7 18
7 243
7 118
8 218
8 139
8 234
8 35
9 132
9 65
9 229
10 198
10 45
10 187
10 145
11 186
11 73
11 221
11 234
12 159
12 14
12 112
13 51
13 31
13 129
13 180
13 120
14 223
14 141
14 159
14 25
15 239
15 137
16 163
16 117
16 32
16 144
17 173
17 225
17 209
17 71
18 224
18 201
18 118
18 113
19 168
19 207
19 159
19 176
20 99
20 152
20 195
20 238
21 112
21 52
21 22
21 110
21 78
22 112
22 170
22 154
23 38
23 180
23 75
23 84
24 123
24 228
24 169
24 127
25 195
25 242
26 190
26 207
26 157
26 148
27 189
27 246
27 201
27 230
27 93
28 221
28 68
28 54
28 66
29 124
29 197
29 186
29 73
30 229
30 212
30 136
30 164
31 247
31 51
31 38
31 180
32 178
32 188
32 107
32 95
33 35
33 217
33 184
33 178
34 157
34 60
34 148
34 192
35 234
35 233
35 68
36 55
36 83
36 158
36 102
37 239
37 149
37 137
37 83
38 247
38 71
39 72
39 156
39 191
40 203
40 244
40 59
40 128
41 210
41 70
41 122
42 227
42 182
42 239
43 109
43 76
43 47
43 140
44 128
44 91
44 133
44 98
44 211
45 243
45 76
45 47
45 187
46 153
46 59
46 226
46 64
47 243
47 118
47 76
48 194
48 214
48 49
49 214
49 167
49 165
49 100
50 175
50 160
50 92
51 247
51 110
51 129
52 171
52 138
53 232
53 188
53 107
53 67
54 222
54 143
54 66
55 155
55 196
55 158
56 156
56 126
56 65
57 95
57 141
57 99
57 195
58 193
58 69
58 85
59 213
59 128
59 64
60 65
60 157
60 235
60 192
61 134
61 100
61 72
61 210
62 135
62 143
62 206
62 142
63 148
63 204
63 138
64 128
64 134
64 133
65 157
65 166
66 184
66 232
67 232
67 168
67 223
68 184
69 169
69 244
70 205
70 200
70 122
70 81
71 225
71 245
72 134
72 250
72 210
73 208
73 193
73 221
74 212
74 136
74 177
74 116
74 246
75 245
75 82
75 197
75 84
76 187
76 179
77 98
77 206
77 211
77 240
78 170
78 182
78 129
79 108
79 151
79 229
79 212
80 187
80 145
80 94
80 146
81 122
81 252
81 151
81 196
82 245
82 119
82 124
83 155
84 180
84 197
84 255
85 244
85 135
85 115
86 139
86 236
86 251
86 233
87 215
87 231
87 200
87 237
88 209
88 131
88 104
89 143
89 142
89 232
90 130
90 175
90 114
90 236
91 244
91 128
91 135
92 114
92 254
92 251
92 198
93 246
93 230
93 248
94 187
94 179
94 150
94 216
95 107
95 144
95 99
96 160
96 102
96 254
96 224
97 235
97 164
97 173
97 103
97 209
98 135
98 206
98 211
99 144
99 152
99 195
100 214
100 226
100 220
101 159
101 176
101 112
101 138
102 183
102 224
103 136
103 116
103 209
104 209
104 111
104 119
105 152
105 167
105 238
105 215
106 147
106 119
106 124
106 228
106 208
107 188
107 141
108 191
108 132
108 151
109 118
109 113
109 161
109 185
110 171
111 131
111 248
111 147
112 242
113 230
113 118
114 175
114 236
114 251
115 222
115 143
116 246
116 131
117 163
117 125
117 146
117 144
119 147
120 199
120 180
120 130
121 142
121 190
121 168
121 207
122 191
122 151
123 241
123 253
123 169
124 197
124 208
125 172
125 145
125 146
126 250
126 211
126 156
126 240
127 228
127 208
127 193
128 133
129 182
129 199
130 181
130 255
130 174
131 246
131 248
132 156
132 191
132 229
133 250
133 211
134 226
136 212
136 164
137 219
137 160
138 176
138 204
139 218
139 236
139 233
140 185
140 179
140 213
141 223
142 143
142 206
143 222
144 194
144 152
145 172
145 187
146 150
146 194
147 248
147 228
148 207
148 176
149 237
149 252
149 239
149 155
150 214
151 249
152 194
153 179
153 213
153 216
154 242
154 231
154 170
154 227
155 196
157 240
158 177
158 183
158 189
159 223
159 176
160 175
161 230
161 253
162 195
162 242
162 231
163 217
163 178
164 166
164 235
165 167
165 205
165 220
166 229
166 235
167 194
168 223
168 207
169 203
169 244
170 227
170 182
171 204
171 247
172 202
172 217
173 235
173 192
173 225
174 255
174 218
174 236
175 219
175 181
177 249
177 212
177 189
179 216
180 255
181 199
181 219
182 199
183 224
183 201
184 188
185 253
186 197
186 218
188 232
189 246
190 206
190 240
190 207
191 210
192 235
192 204
193 221
193 222
196 252
196 249
198 251
198 243
198 202
200 215
200 205
200 252
202 251
203 253
203 213
203 244
204 225
205 215
205 220
208 228
210 220
211 250
212 249
214 216
214 226
217 233
221 222
225 247
227 231
227 237
227 239
230 241
231 238
231 237
236 251
237 239
241 248
243 254
