124 274 10.8442
6.38148 4.35555
3.48797 6.47528
1.95649 4.06283
5.68338 2.69502
10.1773 4.04805
1.7602 9.99513
6.68389 3.57091
0.0816601 10.097
4.82613 4.06444
4.63639 8.78709
0.185834 4.12876
7.35864 1.9305
0.344589 0.465081
5.01677 2.16731
8.1621 7.7643
1.52554 4.80195
9.89657 5.43989
1.05506 4.05984
6.74162 0.311666
10.5254 4.83289
5.4745 8.53152
8.9764 8.11327
8.11353 2.37602
2.08888 2.20064
4.10869 0.450422
7.08062 4.8648
9.5859 8.77468
5.28113 5.63363
4.10157 7.09581
2.4439 3.02119
1.20443 0.652898
1.52316 8.52936
1.55095 1.48358
10.3951 8.35102
2.14628 9.21106
5.83012 6.36979
1.5514 6.50475
10.3992 6.68277
5.06034 6.89914
9.52994 0.892257
1.88523 5.636
7.46026 4.02373
3.9586 3.81863
7.18151 8.84782
8.49999 10.414
6.38748 8.32709
3.48594 4.64515
10.7829 9.20553
3.01517 2.11026
5.81261 10.3646
5.7507 1.63045
7.24568 7.88382
1.53411 3.26336
3.09655 9.13426
10.4768 1.04958
0.609498 4.95126
7.66383 6.99579
0.0286326 7.52274
7.62852 0.0058792
9.31506 3.73127
6.4937 2.27075
9.39973 10.7742
3.39855 3.0209
10.386 0.00579544
1.08994 7.5412
2.06543 7.32112
7.29407 2.86844
8.87524 7.16307
5.72525 7.6089
7.92737 5.31139
2.86893 3.87968
5.51774 4.69757
0.581991 1.383
3.21476 5.59463
8.95273 5.38533
3.57481 1.25623
6.79205 10.2007
6.67402 1.26677
4.89627 10.753
8.59877 0.552779
4.73406 7.83909
7.6819 1.03026
1.0956 2.35048
0.541227 8.40345
2.49261 4.84483
0.516373 3.23403
2.54234 6.39873
8.9163 9.4992
9.46698 6.30975
8.21006 3.34933
9.84485 7.5223
8.37097 6.25543
10.8151 5.76339
0.564635 6.64511
8.193 8.72086
2.71983 10.0792
2.51342 1.20886
10.1298 3.08552
9.83453 1.86332
5.71363 3.65777
4.04397 2.20296
2.50505 8.27702
6.26544 5.44766
5.02225 9.68758
0.95156 10.5288
4.69577 3.0975
8.75881 1.61057
0.0128162 2.27215
2.02312 0.0890139
3.12234 7.36469
7.18052 6.06599
6.61544 7.03626
7.74519 9.71885
4.39092 6.11768
0.970405 9.40478
5.76379 0.57528
9.08651 2.68784
4.79512 1.18954
4.47398 4.99353
8.49305 4.40494
3.12287 0.266673
9.95598 9.85645
6.10435 9.34262
3.7486 8.30729
0 6
0 99
0 71
0 25
1 73
1 86
1 113
1 28
1 109
2 52
2 15
2 70
2 84
3 13
3 60
3 99
4 97
4 59
4 19
5 114
5 34
5 104
5 95
5 108
6 66
6 99
6 41
7 47
7 121
7 104
7 63
8 105
8 42
8 99
8 71
8 118
9 123
9 80
9 20
9 103
10 85
10 17
10 19
10 55
11 81
11 77
11 60
11 22
11 66
12 104
12 63
12 54
12 30
12 72
13 117
13 100
13 50
13 105
14 56
14 67
14 51
14 94
15 17
15 55
15 40
15 84
16 74
16 92
16 19
16 88
17 52
18 76
18 115
18 58
18 77
19 92
19 55
20 68
20 122
21 67
21 94
21 26
22 106
22 89
22 66
22 116
23 32
23 48
23 29
24 78
24 120
24 117
24 75
25 41
25 102
25 69
26 33
26 87
27 71
27 118
27 102
27 113
27 35
28 113
28 109
28 80
29 52
29 62
29 70
30 104
30 108
30 72
30 32
31 83
31 101
31 34
32 82
32 72
32 96
33 90
33 83
33 57
33 47
34 101
34 53
35 102
35 38
35 111
36 40
36 93
36 86
36 65
37 92
37 88
37 93
37 90
37 57
38 113
38 80
38 68
39 61
39 79
39 54
39 98
40 84
40 86
41 89
42 62
42 105
42 46
43 45
43 51
43 94
43 112
44 87
44 112
44 61
44 58
44 79
45 68
45 51
45 122
46 70
46 84
46 73
46 118
47 83
47 114
47 121
48 96
48 100
48 62
49 122
49 103
49 78
49 76
49 115
50 117
50 115
50 77
50 60
51 111
51 56
52 82
52 85
53 101
53 123
53 95
54 98
54 72
55 92
56 111
56 110
56 91
57 93
57 90
57 83
58 81
59 116
59 97
59 119
60 77
60 66
61 121
61 79
61 63
62 100
62 70
63 121
64 93
64 83
64 65
65 86
65 109
65 101
66 89
67 91
67 88
67 90
68 111
68 80
69 119
69 74
69 110
69 91
70 84
71 99
71 118
71 102
72 107
73 84
73 86
74 119
74 91
75 120
75 96
75 100
76 122
76 112
77 81
78 103
78 115
79 81
79 106
80 123
82 107
82 85
83 114
85 107
87 94
87 121
89 116
89 119
92 93
94 112
95 108
95 120
96 120
97 107
97 116
98 106
98 107
98 116
100 105
101 109
102 110
103 122
104 114
106 116
108 120
109 123
110 111
113 118
115 117
