253 566 15.3188
0.627258 14.3576
3.30408 3.02541
2.19558 1.84807
2.44373 4.63101
11.7436 4.05408
5.44533 4.62187
9.79439 7.14488
0.27133 8.10467
6.6852 8.25748
7.51109 13.7327
12.6972 11.9705
12.3178 2.23734
5.10147 2.89
13.9372 6.4582
15.2826 14.8728
1.10197 5.67692
5.13668 9.98865
9.01237 13.1707
8.79119 10.5525
11.395 6.94697
10.9926 4.42728
5.59145 1.41515
12.014 11.2358
15.2407 13.8938
10.2608 9.26972
11.2654 10.8206
1.72246 5.08062
13.3917 7.1178
15.179 7.35589
9.87345 13.2327
11.9628 10.3205
7.53699 8.35113
2.87576 9.07868
13.9073 2.13361
5.90263 3.21248
2.1318 5.84548
15.3135 11.9995
12.6725 0.515901
2.77475 11.7957
4.38189 11.4161
1.73617 0.176946
5.23688 3.78743
10.5541 0.23337
0.240542 11.1542
1.76593 12.7866
9.42241 9.01468
2.10521 0.987454
7.28068 0.908604
10.2402 4.86127
4.42058 3.43305
3.97833 1.60628
9.5335 5.3966
8.9049 0.654701
8.42795 2.18432
7.70769 5.76146
5.93003 5.34498
2.41879 14.6355
3.2731 2.16828
9.60101 6.29132
7.01087 10.0298
2.51009 2.66366
8.51876 3.08273
13.071 6.29344
2.91554 1.3487
3.18567 10.3166
6.84766 14.2975
14.4402 4.91609
6.67344 3.67007
10.4002 10.6194
3.27897 7.53873
14.094 3.02942
13.5798 4.59295
4.59003 9.29903
9.34902 3.48116
1.50116 14.5637
4.08672 2.58645
8.3773 13.9138
8.64841 14.8086
5.8114 8.11158
5.47367 11.7851
5.3054 0.0508285
6.21684 7.26462
13.8947 9.7989
14.4562 13.4176
12.8978 11.1034
6.32844 4.52037
8.62845 9.67575
4.2111 7.47365
9.12726 1.57695
14.2818 7.28285
10.6398 13.7083
3.60026 3.85386
1.12285 8.36552
3.62068 12.1533
7.73122 14.5999
3.04613 5.82755
13.7798 10.7433
5.18777 14.4274
3.99296 5.68908
5.78834 2.30275
2.63108 8.20811
6.06996 14.8167
9.28018 2.53514
11.637 7.82025
0.0824264 0.690326
3.48381 11.2035
10.2249 3.93409
7.90934 10.3078
5.14684 10.8948
14.5916 0.148318
13.5734 13.8793
0.533158 6.39585
7.51454 2.01251
6.63432 9.16518
3.67669 9.51296
13.1359 2.65041
0.778441 7.3443
10.1007 8.36288
7.9214 6.67778
14.6755 10.3432
2.36308 9.84754
1.30283 2.04324
3.41029 14.8948
14.2988 3.96852
9.50741 15.2397
10.6892 7.5687
15.2163 4.35785
4.66325 6.4336
14.7998 2.39201
6.11295 11.0657
0.696985 3.75439
8.88774 6.91596
2.67158 0.235473
1.5102 6.54993
14.863 6.47119
6.05885 10.0638
0.593406 2.75228
8.17324 1.26985
11.6546 12.0962
6.8714 5.33082
12.6942 5.41527
4.85293 1.98936
4.36285 15.2036
10.1673 2.95296
7.62662 9.29592
9.37617 4.4543
8.73341 12.1611
0.529077 9.14677
7.5826 3.32699
11.599 13.5258
7.17807 7.46542
15.0899 3.35326
13.7068 5.55621
12.5747 13.8444
12.3498 12.838
0.0134885 12.9535
1.937 8.92673
10.3208 14.6358
8.18827 7.64936
0.825748 4.76972
0.808958 15.2666
13.3357 3.63823
11.7547 4.99382
13.6211 11.7649
13.6306 8.03402
14.6572 8.20789
9.8464 0.882301
11.3549 14.5336
9.20991 7.8842
10.5341 6.55859
10.8885 5.5765
12.5849 8.15063
3.85123 13.1286
1.80787 11.8162
1.65159 4.12052
14.4421 12.4151
8.42322 4.05973
2.60866 3.66825
8.18709 11.2884
3.65865 6.63291
1.34821 9.79392
0.894202 12.3423
2.04495 13.7231
14.5901 11.3583
12.6155 4.3875
8.00936 0.251345
4.96571 5.44916
0.364152 10.1832
5.2096 7.3093
10.8101 12.7105
6.98131 15.2831
1.59378 3.05148
5.80644 12.7279
5.99268 13.7933
8.06456 12.9573
6.12945 0.608262
4.97916 13.4232
6.73834 2.6849
14.4323 14.4348
11.5369 0.272055
7.44056 12.0703
8.68248 5.89317
13.4555 14.9049
10.0967 1.91285
3.10221 13.8994
9.54921 11.1581
11.1467 3.3127
14.5432 1.37218
12.3679 14.8883
7.15008 11.0184
9.60084 9.99968
2.35557 10.8917
10.8908 1.16254
13.0719 1.61105
10.7101 11.6177
3.69957 8.46584
4.80506 8.31452
6.86168 13.0078
5.58968 9.11128
8.48062 8.67061
12.2545 3.22042
6.55823 1.60641
3.38868 4.854
11.8537 6.07147
12.916 10.0878
4.63801 12.3798
4.17549 14.1643
3.64223 0.652388
11.0974 8.71037
14.7867 9.28719
4.73522 0.916342
13.2197 9.02409
1.21974 10.8894
0.28349 1.72753
7.39002 4.40015
4.20849 10.4217
13.6735 0.671879
9.38909 14.0982
2.56867 6.75653
1.8025 7.58231
5.732 6.34021
11.0813 9.83936
9.79726 12.2455
13.4298 12.8378
12.0057 1.28548
0.982364 13.4422
11.316 2.20668
12.3883 7.07012
1.10715 0.983512
2.7888 12.8151
15.3075 5.48065
6.88072 6.41496
4.46047 4.45963
0 23
0 245
0 14
0 160
1 57
1 60
1 177
1 91
2 46
2 121
2 63
2 60
3 174
3 26
3 222
4 206
4 220
4 20
4 184
4 162
5 252
5 41
5 85
5 186
5 55
6 169
6 58
6 168
7 165
7 28
7 116
7 92
8 78
8 150
8 113
8 31
9 194
9 217
9 76
9 65
9 94
10 84
10 163
10 154
11 246
11 244
11 213
11 220
11 115
12 141
12 99
12 49
12 34
13 152
13 62
13 134
13 27
13 89
14 198
14 160
14 109
15 159
15 26
15 111
16 72
16 218
16 135
16 108
17 194
17 237
17 29
18 107
18 86
18 210
18 178
18 205
19 169
19 247
19 223
19 103
20 106
20 48
20 162
21 230
21 195
21 141
21 99
21 221
22 25
22 84
22 138
23 155
23 198
24 45
24 117
24 210
24 241
25 241
25 30
25 68
25 214
26 174
26 159
26 35
27 247
27 62
27 164
27 89
28 134
28 89
28 116
29 242
29 237
29 90
30 241
30 224
31 158
31 144
31 219
32 100
32 156
32 120
32 114
33 213
33 207
33 115
33 128
34 99
34 41
34 67
35 95
35 133
35 238
36 183
36 43
36 175
36 181
36 155
37 208
37 236
37 244
38 211
38 105
38 173
38 249
38 93
39 235
39 105
39 108
39 225
40 160
40 248
40 46
40 132
41 49
41 252
42 157
42 166
42 212
42 199
43 187
43 232
44 181
44 173
44 249
44 245
44 182
45 219
45 117
45 210
46 248
46 132
46 63
47 190
47 185
47 221
48 145
48 106
48 51
48 170
49 75
49 252
49 91
50 227
50 57
50 141
51 145
51 201
51 58
52 124
52 185
52 166
52 137
53 137
53 112
53 88
53 102
53 61
54 139
54 118
54 201
55 85
55 186
55 139
55 240
56 182
56 204
56 74
56 132
57 63
57 60
57 75
58 201
58 131
58 169
59 113
59 144
59 135
59 107
59 209
60 191
61 148
61 102
61 73
61 176
62 140
62 152
62 247
63 227
64 120
64 235
64 114
64 211
64 105
65 193
65 190
65 101
65 94
66 71
66 126
66 123
66 152
66 250
67 197
67 148
67 85
67 234
68 210
68 241
68 205
69 179
69 100
69 87
69 215
70 128
70 161
70 123
71 184
71 161
71 123
71 152
72 218
72 216
72 114
73 102
73 143
73 145
74 182
74 160
75 141
76 194
76 237
76 94
76 77
77 237
77 94
77 124
77 185
78 188
78 81
78 218
78 216
79 108
79 129
79 225
79 192
80 142
80 97
80 101
80 230
80 195
81 240
81 188
81 150
82 231
82 229
82 224
82 119
82 96
83 175
83 155
83 198
84 224
84 163
84 96
85 139
86 219
86 107
86 210
87 179
87 188
87 216
88 166
88 203
89 164
89 165
90 189
90 149
90 157
91 177
91 252
91 222
92 239
92 147
92 156
93 105
93 225
93 172
94 190
94 185
95 222
95 98
95 238
95 179
96 183
97 196
97 193
97 226
97 101
98 222
98 186
98 179
99 141
99 221
99 197
100 239
100 156
101 193
101 190
102 203
102 143
103 247
103 125
103 171
103 228
104 109
104 248
104 233
106 143
106 145
107 209
107 178
108 235
108 129
109 236
110 243
110 153
110 202
110 198
111 250
111 134
111 133
111 116
112 221
112 137
112 197
113 218
113 144
114 215
114 235
115 213
115 220
115 161
116 239
117 168
117 125
117 228
118 251
118 131
118 158
119 229
119 187
119 183
120 156
120 180
120 211
121 248
121 233
121 136
122 204
122 226
122 142
122 132
123 151
123 161
123 126
124 157
124 166
125 169
126 151
126 130
126 159
127 186
127 179
127 240
127 188
128 207
128 233
128 151
129 135
129 209
130 151
130 136
130 174
130 159
131 201
131 158
131 168
132 227
133 238
133 239
134 250
135 218
136 233
136 151
136 191
137 185
138 214
138 189
138 154
139 234
139 251
140 184
140 162
140 152
140 223
142 226
142 227
143 203
143 206
144 219
145 176
146 178
146 194
146 242
147 229
147 187
147 180
148 197
149 154
149 153
149 167
150 251
150 158
153 154
153 208
154 243
155 175
155 245
156 180
157 237
157 167
158 168
158 219
159 174
159 250
160 248
161 184
162 184
162 170
162 223
163 183
163 243
163 175
164 171
164 165
164 231
165 229
166 212
166 203
167 208
167 199
168 219
169 170
170 223
171 247
171 231
172 249
172 225
172 204
172 226
173 232
173 211
173 181
174 191
174 177
175 183
175 243
176 234
178 209
178 200
179 238
180 187
180 232
181 245
182 245
182 204
185 190
186 252
187 232
188 240
188 216
189 214
189 242
190 195
192 196
192 217
192 193
193 196
194 200
195 221
196 225
196 226
197 221
198 202
199 208
199 212
199 244
200 209
200 217
202 208
202 236
203 212
204 249
204 226
205 242
206 246
206 220
207 236
207 233
212 246
212 244
213 236
213 244
214 242
215 216
216 218
222 252
223 247
224 231
227 230
228 241
233 248
238 239
240 251
244 246
