63 138 7.66848
2.87056 3.9269
6.25312 6.88426
5.83123 3.67896
6.57823 2.88839
2.65557 3.11472
0.687334 5.82595
6.8911 6.32707
2.15336 4.38463
5.56694 2.87434
4.42554 5.81747
7.44068 2.97456
7.48212 5.6808
5.44201 7.19056
6.07848 2.17203
1.96883 7.04294
2.17865 1.57906
4.72421 6.65628
1.43614 0.101702
1.06107 6.9206
1.191 1.95134
2.8135 7.41234
6.71717 3.77521
1.02672 4.12673
0.289245 2.21125
4.60378 7.58941
1.42069 1.03423
4.27864 4.90861
3.32841 4.70551
3.55912 3.032
1.96868 2.50525
6.01175 4.57019
5.58897 6.25663
7.07233 7.305
6.14278 1.22843
3.4921 5.69005
3.66455 0.228306
4.24384 1.06652
1.44534 5.02055
0.442473 1.22832
0.134284 6.59412
3.98777 3.94646
1.79964 3.50392
0.411178 4.913
6.32713 5.54825
0.042776 3.91377
5.23133 0.720813
2.9533 2.20012
5.02353 4.19955
7.03094 4.74461
2.71064 6.397
5.24611 5.27058
4.03291 2.10492
6.17219 0.180618
7.01084 1.84291
3.07954 1.11272
4.60309 3.0612
1.64574 6.0795
0.791174 3.11185
2.48161 5.32152
3.72247 6.82438
5.11883 1.82532
7.14124 0.728288
0.400592 0.0565565
0 4
0 7
0 27
1 31
1 6
1 12
1 32
1 52
2 8
2 21
2 47
2 30
3 13
3 21
3 10
4 29
4 46
4 41
4 28
5 42
5 56
5 39
6 43
6 11
6 39
7 41
7 37
7 58
8 13
8 55
9 26
9 34
9 50
9 16
10 23
10 44
11 42
11 39
12 31
12 24
12 16
12 52
13 33
13 60
13 53
14 56
14 18
14 49
14 20
14 17
15 25
15 54
15 29
15 46
16 31
16 59
16 24
17 18
17 62
17 25
18 56
18 39
18 62
19 25
19 23
19 29
20 49
20 35
21 48
21 44
22 57
22 41
22 44
22 42
22 37
23 38
23 53
23 57
24 35
24 45
25 38
26 27
26 47
26 40
26 50
27 40
27 58
27 34
28 46
28 51
28 55
28 40
29 46
29 41
30 48
30 50
30 43
31 50
31 43
32 39
32 52
32 62
33 52
33 45
33 53
34 58
34 49
35 59
35 54
35 36
36 45
36 51
37 42
37 58
37 56
38 61
40 55
40 47
41 57
42 48
42 44
43 48
44 57
44 48
45 52
45 60
46 54
46 51
47 50
49 58
49 56
49 59
51 60
51 55
52 61
53 61
56 58
61 62
