63 142 7.69369
6.9568 0.43331
3.34029 3.51329
1.54747 6.41887
3.99442 2.24306
4.54097 7.59841
5.0566 0.580965
1.19567 4.93166
5.57011 5.35673
2.27433 1.50101
5.39244 1.37956
6.451 3.78935
4.80705 4.79005
2.82887 7.16114
0.32201 4.91994
6.43267 5.166
1.48109 3.10149
3.86791 0.465172
3.72678 7.25431
4.74511 5.69557
7.29251 5.46762
1.12098 2.26422
0.774264 6.85171
2.05177 2.37749
2.44115 6.32704
6.04831 1.99955
0.331941 3.99306
2.05805 4.6283
4.01512 4.11932
1.8455 5.57111
7.28244 3.3761
5.81035 4.46446
1.30104 4.01882
2.81753 5.42525
4.1782 3.14203
0.521268 3.02605
6.91567 2.45409
0.98626 0.121119
6.56032 6.12023
1.87482 7.28805
0.0948542 0.850805
2.90202 0.433725
1.88781 0.626685
4.50951 6.6514
7.56151 6.41903
7.13704 4.47887
5.47598 7.40231
3.04453 4.4172
5.52749 6.32896
1.05563 1.27008
6.02862 0.636872
2.37294 3.56004
6.86924 1.39352
7.67073 7.48489
0.773509 5.82189
3.26668 1.45714
0.151992 1.93138
5.00527 3.79969
3.06559 2.56991
3.48717 6.25374
3.85936 5.16913
5.8078 3.00921
4.3941 1.33978
6.57135 7.21078
0 62
0 52
0 49
0 39
0 51
1 50
1 57
1 33
1 46
1 27
2 53
2 28
2 23
2 21
2 38
3 61
3 57
3 33
4 17
4 42
4 45
4 16
4 5
5 45
5 49
5 61
5 9
6 13
6 31
6 26
6 53
6 28
7 30
7 18
7 47
7 14
8 41
8 22
8 54
9 49
9 61
9 24
10 60
10 29
10 30
10 44
11 56
11 59
11 18
12 23
12 38
12 17
12 40
13 44
13 25
13 19
13 53
14 30
14 44
14 37
14 19
15 20
15 22
15 34
15 50
15 31
16 17
16 40
16 61
17 58
17 42
18 59
18 47
18 42
19 44
19 37
19 43
20 48
20 55
20 22
20 34
21 53
21 52
21 43
21 36
22 57
23 28
23 58
23 32
24 51
24 35
24 60
25 29
25 34
25 44
25 31
26 31
26 46
26 28
27 56
27 33
27 46
27 59
28 32
29 35
29 34
30 56
32 46
32 58
32 59
33 56
35 51
35 55
36 52
36 38
36 41
37 47
37 62
37 43
38 41
39 52
39 48
39 51
39 55
40 41
40 54
41 48
42 58
42 47
43 53
43 52
45 47
45 62
45 49
46 50
46 59
51 55
52 62
54 61
54 57
56 60
58 59
