63 140 7.7256
0.363156 1.18419
7.15632 2.53037
3.75141 7.02147
6.58993 5.01506
7.46276 1.74623
4.58063 1.84408
3.65211 0.139873
0.251903 3.41505
1.21455 6.65196
4.78135 4.27393
5.32121 6.83386
7.10156 3.38395
1.9873 2.83513
0.729996 5.16153
1.38916 5.78001
6.58319 5.89423
1.34672 2.20459
3.10434 6.43787
6.95419 1.03072
0.526905 6.08247
5.45817 1.68327
0.44326 7.10827
1.24586 1.28308
4.4759 6.49274
6.62206 0.151509
1.12492 3.14871
4.56606 3.37822
6.02129 0.916954
2.98568 0.77051
1.89733 3.7721
4.72742 5.20783
1.78925 7.38284
4.00521 2.57028
3.19414 1.7406
6.47655 4.09107
5.65343 7.72081
1.9961 0.646284
5.02644 0.806333
1.02172 0.31792
3.89139 4.63231
2.16841 1.6692
5.25628 2.64648
2.13437 6.41309
3.59207 3.63678
5.53864 3.66229
2.81716 7.39005
7.35382 6.52108
0.385063 2.45126
6.44102 1.89533
2.84667 4.41265
2.71411 5.50492
5.65517 4.74248
3.99389 1.05818
2.96987 2.76525
7.47926 5.42859
0.9112 4.16301
6.32009 6.87923
3.80368 5.70634
5.56476 5.85917
7.52256 4.30984
4.59415 7.53808
7.66237 0.286147
1.81002 4.84381
0 61
0 22
0 4
1 48
1 4
1 47
1 11
2 17
2 60
2 23
2 6
3 51
3 34
3 54
3 15
4 18
4 47
5 52
5 32
5 20
6 45
6 60
6 28
6 52
7 47
7 11
7 25
7 59
7 55
8 19
8 42
8 14
8 21
8 31
9 26
9 44
9 39
9 51
9 30
10 58
10 60
10 23
10 56
10 35
11 59
11 34
12 16
12 25
12 29
12 53
13 55
13 54
13 14
14 62
14 19
14 42
15 58
15 54
15 56
15 46
16 22
16 47
16 40
17 42
17 57
17 50
17 45
18 27
18 61
18 24
18 48
19 54
19 46
20 37
20 27
20 48
20 41
21 46
21 61
22 38
22 36
23 57
23 60
24 56
24 35
24 61
25 47
25 55
26 32
26 43
26 44
26 41
27 35
27 37
28 36
28 52
28 33
29 55
29 62
30 39
30 51
30 57
30 58
31 42
31 45
31 38
31 36
32 53
33 52
33 40
33 53
34 44
34 51
34 59
35 60
35 56
35 37
36 38
36 40
37 60
37 52
38 61
39 43
39 49
39 57
41 44
42 50
43 53
43 49
44 51
46 54
46 56
49 62
49 50
50 62
50 57
51 58
54 59
55 59
55 62
