253 571 15.3619
13.4978 5.06395
8.56852 4.7784
0.0657083 7.71446
11.269 7.83294
2.41715 13.8704
0.673019 6.63144
10.3382 13.0265
14.4427 13.6328
2.16835 9.501
0.678312 13.8322
9.14397 6.03051
13.2133 14.3375
3.70715 4.97048
8.41727 5.60597
5.62246 11.7656
8.88424 1.91195
7.23584 10.7669
10.9919 4.70728
5.00243 6.00012
0.727424 4.84515
13.428 4.22712
2.36552 13.0253
11.6454 2.38891
11.716 5.15827
8.07635 4.09327
4.02914 7.51324
0.538748 8.42204
10.2672 11.1119
0.268137 9.24339
8.91247 2.77326
14.6529 6.06468
12.8845 13.5436
3.26408 9.35752
2.2662 2.64377
6.75432 5.74436
9.66944 3.29691
4.87667 5.14805
7.72402 11.4779
5.83334 8.31289
14.9875 1.46641
14.5772 7.62282
5.49727 10.9109
9.31997 5.18671
6.30021 3.88634
7.20389 4.10764
10.8033 2.17275
10.1936 5.046
8.28257 7.72932
7.61259 14.7106
6.42531 11.4318
6.56898 7.61369
2.04279 15.0079
10.5135 3.01553
3.26139 0.21246
15.0598 14.2465
12.24 14.1463
7.52697 7.06765
13.7877 5.87297
5.68626 7.42825
4.45356 1.57683
7.05417 12.0698
8.85205 3.66259
10.5222 14.7546
4.85306 15.1239
0.459932 14.732
12.6173 3.86652
4.53263 14.1782
4.19097 13.2085
5.72754 6.51276
11.7867 6.04026
13.019 10.5597
8.60883 13.1663
4.37802 10.5443
0.0675153 12.201
1.55352 3.19112
4.15845 5.72771
0.93678 11.8859
15.2903 13.3672
8.13699 13.9599
13.3661 3.3363
1.95192 10.3654
5.71129 12.6464
1.45291 2.2635
7.63805 8.89835
10.5578 3.9283
9.06981 13.9687
7.41239 7.98121
1.69588 12.4346
3.63488 13.9498
4.78941 12.5011
0.662984 2.84844
1.33826 14.43
13.6937 13.1434
10.4963 1.30789
10.0305 5.95278
9.24855 9.51876
11.7709 4.25348
1.06833 10.7105
13.3374 2.3944
3.26405 13.0758
8.57131 14.7954
6.45628 14.563
5.14279 9.04059
12.8256 12.6239
1.59176 13.5084
11.8545 8.7688
2.01531 7.64839
2.19688 5.68514
3.48141 10.247
2.71111 4.85922
6.29002 1.01504
8.39265 1.14602
2.75658 10.8825
3.92884 14.9077
11.446 1.49489
9.5286 1.25715
10.9311 5.62414
15.2765 4.41155
15.0444 2.40008
6.66737 6.67382
15.1459 6.85024
12.5943 15.016
10.9741 10.514
11.3269 9.59659
6.71158 8.62727
9.21774 7.77257
13.7926 11.1168
12.0105 12.0731
6.62067 12.9202
5.0975 3.63492
14.2601 2.99096
3.68468 11.2135
14.6235 11.6806
3.18704 5.72843
5.18391 10.0226
11.1261 12.5501
6.34756 10.4898
4.3886 4.3451
9.56051 14.8031
10.2586 12.0514
5.13149 13.4217
5.5824 4.51674
14.0959 1.77463
7.98339 0.23334
14.6968 10.6873
1.60026 6.72727
7.62845 6.10974
10.0463 13.9093
9.60446 6.8432
12.863 11.524
3.36836 4.1078
6.56017 4.81051
14.1348 14.5177
0.226797 10.188
3.06326 3.13772
15.1967 3.4018
14.3498 4.00579
5.48319 14.3789
0.209325 11.2259
0.0829751 5.53911
8.02965 3.14362
11.437 3.31541
11.1814 0.530368
14.582 12.6992
13.897 8.83383
9.73642 8.64919
5.81721 5.52641
2.26357 1.6865
9.62061 4.26402
9.4568 12.6839
12.5986 4.83006
3.71759 6.61234
9.55248 10.468
11.1404 11.5219
13.6242 7.81926
1.16106 0.0617253
2.94168 14.656
12.3013 9.8842
13.7025 12.1367
9.38426 11.5029
3.82041 12.2342
6.9537 0.0798525
14.3293 0.756388
1.68911 4.79473
13.5502 0.0266512
0.79587 12.8789
14.0437 6.82016
1.00108 7.57439
5.76275 1.90826
12.4563 2.90306
13.3096 1.07633
11.0935 13.8603
1.36206 1.11239
12.8586 8.98636
6.97071 3.15776
2.60875 8.63995
12.0092 10.909
4.09825 3.34288
9.03002 0.346546
4.81329 6.93947
4.69338 11.4935
5.90201 2.97693
8.24432 9.72076
2.64227 6.6185
7.65688 12.8646
6.81991 2.08494
12.7848 5.87949
7.14867 9.79483
14.9499 15.238
0.803065 3.86802
7.14185 13.8239
12.5062 7.96036
5.24839 0.969345
4.24012 9.53897
12.9687 6.95848
0.543763 1.82231
10.2756 9.66524
14.9279 8.54549
7.9188 2.07632
0.302143 0.730091
2.30176 3.89203
10.8128 8.68905
11.9578 13.1841
8.48936 6.75097
3.05533 7.6376
1.51454 8.57336
14.4669 5.08332
2.33248 0.604327
6.0871 9.46474
10.1278 0.338797
8.64555 8.67201
7.61634 5.02937
11.8574 7.05402
11.5389 14.8751
7.34304 1.1043
4.8651 8.04346
10.7896 6.67275
4.85111 2.52739
1.14341 5.75559
1.18447 9.66218
9.79823 2.29002
3.72946 2.29233
5.8478 0.0445978
1.85207 11.4072
10.2838 7.69279
14.6487 9.62597
4.21141 0.572261
8.50191 10.8203
8.49522 12.1346
12.2675 0.667342
12.4654 1.79842
3.80478 8.49697
3.27565 1.24345
0 20
0 170
0 57
0 226
1 24
1 231
1 42
1 13
2 120
2 40
2 187
2 217
2 26
3 232
3 244
3 221
4 104
4 21
4 176
5 238
5 120
5 145
6 169
6 135
6 147
7 163
7 92
7 77
7 152
7 54
8 195
8 239
8 80
9 185
9 77
9 91
10 42
10 13
10 223
10 148
10 94
11 31
11 121
11 152
12 150
12 137
12 133
12 75
13 231
13 146
14 200
14 41
14 49
14 81
15 111
15 218
15 240
15 115
15 29
16 136
16 207
16 37
17 84
17 96
17 46
17 116
17 23
18 75
18 166
18 36
18 199
18 68
19 117
19 209
19 238
19 159
19 183
20 79
20 65
20 156
21 87
21 104
21 99
22 114
22 45
22 250
22 161
22 189
23 96
23 116
23 170
23 69
24 160
24 44
24 61
25 171
25 199
25 224
25 235
25 251
26 187
26 217
26 28
26 225
27 172
27 122
27 179
27 173
27 139
28 217
28 153
28 239
29 240
29 160
29 61
30 57
30 226
30 159
30 186
30 120
31 103
31 222
31 55
31 92
32 195
32 251
32 108
32 213
33 167
33 82
33 74
33 154
34 166
34 151
34 119
34 146
35 240
35 52
35 61
35 168
36 137
36 141
37 247
37 60
37 248
38 235
38 58
38 124
39 182
39 219
39 142
39 215
39 118
40 186
40 174
40 217
41 134
41 136
41 200
42 168
42 46
43 201
43 194
43 141
43 151
44 194
44 151
44 231
45 240
45 93
45 114
45 52
46 168
46 116
46 94
47 223
47 86
47 125
47 230
48 210
48 78
48 181
48 143
49 136
49 60
50 119
50 58
50 86
51 91
51 176
51 175
51 227
52 240
52 161
52 84
53 176
53 113
53 227
53 246
53 252
54 77
54 152
54 208
54 64
55 222
55 233
55 121
56 119
56 146
56 223
56 86
57 206
57 186
58 199
58 68
58 235
59 246
59 212
59 241
60 128
60 204
61 160
61 168
62 147
62 138
62 233
62 229
63 113
63 157
63 246
63 242
64 208
64 91
64 175
65 189
65 79
65 96
65 170
66 88
66 140
66 113
66 157
67 89
67 99
67 88
67 140
68 199
68 119
69 116
69 206
69 232
70 177
70 149
70 126
71 204
71 248
71 169
71 78
71 85
72 108
72 213
72 134
72 200
72 131
73 132
73 158
73 163
73 185
73 76
74 82
74 209
74 220
75 171
76 158
76 243
76 185
76 87
77 163
77 185
78 210
78 85
78 100
79 189
79 98
79 130
80 239
80 97
80 243
80 112
81 89
81 128
81 140
82 215
82 167
83 86
83 124
83 230
83 207
83 202
84 168
85 147
85 138
86 124
87 243
87 185
88 99
88 176
89 200
89 180
89 140
90 215
90 155
90 209
91 104
91 175
92 178
92 163
93 229
93 115
93 114
94 116
94 148
94 236
95 230
95 165
95 202
95 216
95 172
96 161
96 170
97 153
97 239
97 158
97 243
98 250
98 142
98 189
99 180
100 138
100 143
100 198
101 210
101 157
101 242
101 181
102 235
102 213
102 134
102 228
103 127
103 178
103 222
104 185
105 211
105 221
105 193
105 123
106 187
106 224
106 225
107 238
107 183
107 133
107 109
107 203
108 213
108 112
108 131
109 220
109 150
109 183
109 133
110 242
110 212
110 234
111 234
111 143
111 198
111 218
112 243
112 131
113 176
113 246
114 162
114 250
115 198
115 240
116 236
117 155
117 156
117 209
117 226
118 215
118 155
118 130
121 233
121 249
121 184
122 123
122 173
123 221
123 216
123 177
124 228
125 148
125 244
125 230
125 165
126 149
126 144
126 132
126 178
127 173
127 149
127 135
128 204
128 210
129 197
129 201
129 137
129 141
130 155
130 156
131 200
131 180
132 144
132 178
132 163
133 203
133 171
134 213
134 228
135 173
135 139
135 222
136 228
136 207
137 197
138 147
138 198
138 229
139 179
139 173
139 169
140 157
141 166
141 151
142 190
142 182
143 181
143 234
143 198
144 245
144 153
144 158
145 238
145 203
145 187
146 231
146 223
147 191
148 244
149 196
149 178
150 154
150 197
151 166
151 231
152 184
153 245
153 239
153 158
154 241
154 197
154 220
155 156
155 209
156 226
157 242
159 226
159 238
160 218
160 194
162 233
162 229
162 249
163 178
164 174
164 193
164 217
164 245
165 244
165 230
165 221
167 227
167 192
167 252
169 248
170 206
171 203
172 216
172 247
172 179
173 196
174 214
175 219
175 192
177 193
177 196
179 247
179 248
181 242
181 234
182 208
182 190
182 184
183 220
183 238
184 190
186 214
188 212
188 205
188 237
188 201
189 250
190 249
190 250
191 222
191 233
192 227
192 215
193 211
194 205
194 201
195 224
195 225
197 241
197 237
198 229
199 235
202 207
202 247
203 224
204 248
204 210
205 234
205 218
206 214
207 228
208 219
211 232
211 214
212 246
212 242
213 251
214 232
215 219
216 221
217 245
218 234
221 244
224 251
225 239
227 252
232 236
235 251
236 244
237 241
241 252
246 252
249 250
