127 288 10.8275
7.47432 7.68413
3.08993 4.54031
4.81473 5.82196
10.8115 2.61052
10.8158 1.77242
0.753027 2.11314
6.86703 2.30966
8.58964 5.13262
1.32354 9.45957
4.89243 0.0628015
10.111 6.34377
1.94052 5.25052
2.13673 6.08712
0.441755 0.207263
1.6724 2.74396
10.4467 10.7731
9.08631 1.09056
1.75998 0.891369
8.88347 3.03401
3.06413 6.40203
5.51469 7.51281
10.1192 7.54504
8.75103 8.90443
3.3625 3.72321
1.21356 7.62981
3.41399 2.60194
0.129696 6.04615
2.75882 7.23049
8.24242 1.3182
10.7677 6.92872
6.85193 5.039
6.7964 4.12919
2.22545 4.40926
4.14358 4.16955
10.5122 3.43542
9.72563 0.474768
10.192 8.44362
0.311341 5.08603
8.66697 4.24591
6.73848 5.9537
7.9814 10.3471
6.07626 3.45925
6.00588 2.52703
10.4724 9.87555
2.59581 1.23838
6.86323 9.58722
8.04863 8.33995
3.43221 1.67707
3.39544 0.723359
8.76685 9.82564
0.793561 3.00629
8.42242 6.41216
3.99165 10.7976
6.27627 1.61694
5.93711 9.37503
3.96521 8.59802
1.17221 8.55935
1.85905 6.95971
0.867599 6.76478
5.07927 2.75089
3.95579 6.13548
5.54922 0.700593
7.00939 3.20889
1.61631 1.81217
10.239 5.42708
9.45517 4.80514
7.03916 10.5355
4.26961 2.17375
4.64023 7.87693
2.10961 7.9261
3.09959 8.12063
2.09581 8.93348
1.20136 4.69307
10.6042 0.870912
9.60602 10.3444
5.88191 4.41641
8.35878 7.40451
2.53658 2.21865
0.605271 10.0659
5.14986 9.98656
5.94216 8.37318
0.503068 3.95779
6.01542 10.5576
10.4042 4.42221
4.17467 3.19566
3.17719 10.2104
9.8861 1.60814
2.86267 5.45985
7.72399 0.482654
5.06505 3.76672
3.11136 9.1581
1.52606 3.7046
3.85132 5.11532
5.86237 6.59475
7.28104 1.4557
2.49815 3.26665
7.70544 4.51894
2.14065 9.97896
8.01042 3.4771
8.90921 2.05554
9.25895 8.05086
6.58263 0.636716
3.75829 7.29323
8.76206 0.162856
9.27197 5.83378
7.85402 9.34083
9.65118 9.28786
9.55596 3.76063
1.09171 5.74903
0.245835 9.0441
0.802013 1.13481
9.32301 6.94181
9.82445 2.68355
1.39695 10.7901
4.41411 0.932866
4.90122 4.84492
2.48972 0.208935
5.23349 1.7104
7.41931 6.71841
6.52786 7.46211
7.72275 5.62381
7.01941 8.55699
0.243443 7.91003
4.77622 6.81258
5.81606 5.49562
4.98604 8.90063
4.11276 9.653
0 118
0 119
0 76
0 46
0 121
1 32
1 23
1 87
1 92
2 115
2 123
2 60
3 4
3 34
3 50
4 73
4 86
4 5
5 110
5 63
5 50
6 53
6 94
6 42
6 62
7 65
7 38
7 120
7 104
8 56
8 71
8 78
8 97
9 52
9 79
9 114
9 61
10 104
10 64
10 111
10 29
11 72
11 32
11 108
11 87
11 12
12 87
12 57
13 15
13 113
13 73
13 110
14 63
14 50
14 95
14 91
15 74
15 43
15 73
15 35
16 103
16 35
16 28
16 99
16 86
17 113
17 110
17 116
17 63
17 44
18 99
18 98
18 112
18 107
19 87
19 60
19 27
20 123
20 93
20 68
20 80
20 119
21 111
21 29
21 122
21 36
22 46
22 100
22 105
22 106
22 49
23 95
23 84
23 33
24 58
24 57
24 122
24 69
24 56
25 77
25 47
25 84
26 64
26 108
26 29
27 57
27 69
27 70
27 102
28 88
28 94
28 99
29 58
29 122
30 31
30 96
30 39
31 62
31 75
31 96
32 91
33 84
33 92
33 115
34 112
34 107
34 81
35 74
35 103
35 73
36 100
36 122
36 106
37 83
37 72
37 64
37 108
38 98
38 96
38 107
38 65
39 124
39 120
39 118
40 105
40 66
40 49
40 88
40 103
41 42
41 62
41 75
42 53
42 59
43 106
43 109
43 74
43 78
44 116
44 48
44 77
44 47
45 54
45 121
45 105
45 66
46 76
46 121
46 105
47 48
47 67
48 52
48 116
48 114
49 105
49 106
49 74
50 81
50 91
51 120
51 104
51 118
51 111
51 76
52 85
52 114
53 101
53 117
53 94
54 80
54 125
54 79
55 70
55 68
55 90
55 125
55 126
56 109
56 71
57 69
58 108
59 67
59 117
59 84
59 89
60 92
60 123
61 101
61 117
62 98
63 110
63 77
64 65
64 83
64 104
65 107
65 83
65 104
66 82
66 101
66 88
67 117
67 84
68 123
68 102
68 125
69 70
69 71
70 102
70 90
71 90
71 97
72 81
72 91
72 108
73 110
73 86
74 106
74 103
75 89
75 124
75 115
76 111
77 95
78 113
79 125
79 126
79 82
80 119
80 125
80 121
81 83
81 91
82 101
83 107
84 89
85 90
85 97
85 126
85 116
86 99
86 112
87 92
88 103
88 94
89 115
90 126
91 95
92 115
93 124
93 123
93 119
94 101
96 98
96 120
97 113
97 116
99 112
100 111
102 123
104 111
107 112
109 122
113 116
114 117
115 124
118 120
125 126
