252 568 15.3499
9.46887 1.73108
4.88259 2.58532
2.99076 3.53831
12.4719 6.72428
12.5572 14.6261
3.07061 4.36521
7.7891 1.92433
0.285849 8.79861
1.48805 1.36259
5.84301 12.1588
3.57107 9.41674
5.53389 3.11305
2.5285 12.9265
1.03567 14.4299
9.34472 8.60061
0.385578 2.65051
10.7312 6.58912
0.984078 2.04414
10.3885 12.9171
5.29652 7.16856
3.32294 0.917019
5.96613 10.6401
13.3315 12.945
8.63362 1.84958
8.49098 8.5712
1.09595 11.7817
13.4097 14.5932
8.30946 5.19359
14.1762 7.49639
14.2795 0.721002
1.80037 6.53671
14.004 10.5261
1.1575 5.94266
6.19996 0.342414
0.357892 5.58435
8.50319 9.44168
13.5994 4.64251
13.4593 1.01079
12.3547 4.52331
9.50779 9.43581
6.06219 8.86066
6.31847 11.4365
8.30699 2.66024
2.63357 6.1991
2.65877 2.75361
10.9337 8.65405
4.73229 3.42675
9.77895 13.5421
8.67372 4.39325
7.42622 2.71523
10.3994 9.37384
13.0637 6.10037
7.76239 8.0773
14.0077 15.2379
6.71578 12.2387
5.15287 12.8769
14.9053 15.1202
7.17142 3.58307
12.2896 1.98495
8.07849 3.52904
12.9202 5.21305
15.1574 0.64125
12.671 3.68223
3.734 5.83166
8.59784 15.3332
13.7988 2.63651
7.17048 13.029
12.8937 2.79282
9.45561 11.0267
4.39866 9.73296
7.41706 5.44454
2.51191 7.08912
8.99625 3.54305
0.248723 3.52857
11.8354 8.55248
11.5993 6.70424
10.2073 5.01768
9.32446 14.7741
11.983 13.841
11.4792 4.77413
7.70302 9.00662
6.17002 14.1044
0.653725 6.68458
1.97479 5.56486
10.6698 13.7684
5.38444 6.27294
6.85429 10.4874
4.25652 7.46377
8.11462 6.06869
8.94058 13.9167
9.01177 10.2017
5.10435 10.3534
13.7983 5.53524
5.83927 9.7481
9.76444 0.264969
11.9575 2.8552
13.4423 11.2508
11.4877 1.01428
5.71048 14.9192
1.38304 7.35685
14.7586 12.3923
5.09533 1.45895
4.75808 14.8285
7.0459 0.972462
11.4549 9.42013
0.445854 7.60908
14.7251 3.90005
4.43627 11.044
6.6787 14.9123
15.2474 13.2315
11.4026 11.2058
9.60557 4.27614
13.2163 1.89891
0.603009 12.5584
5.0189 8.04373
6.90571 8.46525
1.78213 11.1643
0.102813 11.7155
1.1803 5.0148
1.25321 2.94106
5.7069 2.21411
10.2685 14.6393
0.708936 0.90603
6.68422 4.82632
12.4064 12.9648
12.7667 8.32825
6.17003 6.85052
9.23911 2.61492
2.89071 8.79918
9.98727 10.232
4.02635 14.173
10.412 11.1344
12.9517 13.7926
6.86895 1.94198
14.5131 4.8653
2.07646 3.49919
10.1451 8.13865
3.86395 4.88584
0.849137 13.5211
3.42064 6.7371
11.9976 10.2454
3.45278 12.5187
1.90972 2.18147
9.24644 5.20444
2.38288 1.13681
4.42982 6.501
10.9866 10.2972
3.26284 13.5044
4.23644 13.1795
9.80633 12.18
12.9317 12.1004
5.366 11.3643
11.898 12.0937
14.8728 9.33779
11.7091 3.81907
8.12579 14.4858
9.95779 3.338
4.27162 0.889833
1.90991 9.07493
7.73371 10.0186
8.85687 11.7929
1.87355 13.605
2.92135 5.28479
12.4934 1.0299
8.06532 13.4473
6.08564 1.28235
11.287 14.5489
5.66637 4.95137
3.05117 14.4999
14.781 5.85791
1.62109 12.5872
7.00251 7.45663
3.62781 2.83519
8.30382 10.9024
5.11124 9.05427
10.9748 3.08176
12.062 7.58221
3.87069 3.8595
14.2315 13.2497
13.0538 0.133028
0.535316 15.2453
4.78125 4.40061
7.17523 6.4156
5.22911 0.454025
6.81834 9.485
10.9903 7.52118
2.72533 0.155682
12.4268 11.1883
10.8489 12.0699
6.46523 2.89815
4.19659 1.93591
3.51582 11.488
7.17571 14.0234
14.3373 14.3057
6.03015 7.88071
1.15132 3.97787
13.0456 10.307
10.9913 5.65727
8.99515 6.56411
12.5343 9.34127
1.13433 8.3598
9.93146 7.11725
4.73239 5.48523
10.6856 4.12367
13.9513 6.54628
10.2315 2.30866
14.4564 11.4068
2.11883 4.55305
2.16944 8.03517
3.12022 1.8793
11.3658 13.0255
0.0776573 14.2559
14.7824 2.86031
8.9564 0.917308
13.8272 9.54823
7.66741 4.45358
8.9909 12.8809
1.62176 0.390618
6.29728 5.80455
13.1982 7.36673
9.9431 6.00767
11.2898 2.03386
14.9985 10.4362
0.523749 9.73861
2.67313 9.83225
14.9089 8.15742
8.02381 7.09809
7.58787 0.0795508
12.091 5.80014
0.0433067 1.72374
10.2904 1.19646
14.9981 6.92887
3.80847 15.2708
6.14926 13.0866
1.98539 14.6839
13.8185 8.4309
3.62128 10.4005
2.5058 11.936
4.10981 8.58594
7.9505 12.3694
0.709766 10.8532
13.6985 3.64764
10.8197 0.196664
11.9563 0.0687875
14.2632 1.72258
8.97573 7.6868
6.08718 3.94074
3.26979 7.80236
7.33291 11.4144
1.58605 10.1188
4.4636 12.1081
0.202086 4.57533
0 213
0 23
0 230
0 205
0 127
1 190
1 120
1 46
1 11
2 135
2 44
2 172
2 5
2 177
3 75
3 51
3 176
3 219
4 132
4 26
4 243
5 207
5 177
5 162
6 133
6 23
6 49
7 225
7 153
7 200
7 223
8 122
8 217
8 144
8 17
8 142
9 151
9 41
9 54
9 233
10 128
10 238
10 224
10 236
10 69
11 120
11 46
11 189
11 246
12 237
12 161
12 147
13 138
13 211
13 180
13 234
14 245
14 136
14 24
14 39
15 229
15 17
15 212
15 73
15 119
16 197
16 220
16 75
16 201
16 185
17 229
17 142
18 149
18 188
18 47
18 210
18 84
19 85
19 126
19 114
20 186
20 157
20 209
21 93
21 91
21 86
21 151
21 41
22 150
22 124
22 132
22 178
23 213
23 42
24 52
24 245
24 80
24 35
25 240
25 116
25 113
25 170
26 132
26 53
26 193
26 179
27 215
27 48
27 143
27 88
28 204
28 231
28 219
28 225
28 235
29 53
29 37
29 61
29 244
30 32
30 99
30 71
31 214
31 196
31 222
31 96
31 206
32 118
32 34
32 83
32 82
33 98
33 108
33 183
33 165
34 251
34 169
35 80
35 159
35 90
36 241
36 60
36 92
36 134
37 163
37 179
37 112
38 154
38 62
38 79
38 60
39 50
39 90
39 129
40 194
40 174
40 115
40 93
40 184
41 151
41 248
41 54
42 59
42 49
42 127
43 83
43 162
43 139
43 71
44 142
44 209
44 135
44 172
45 136
45 50
45 104
45 74
46 177
46 181
47 89
47 84
48 215
48 72
48 111
49 133
49 189
49 57
50 129
51 228
51 60
51 92
51 204
52 171
52 226
52 115
53 193
53 56
53 179
54 248
54 233
54 66
55 250
55 148
55 233
56 193
56 211
56 180
56 61
57 189
57 59
57 215
58 163
58 221
58 112
58 95
59 215
59 72
60 228
60 92
61 122
62 67
62 154
62 241
63 162
63 137
63 139
63 145
64 155
64 77
64 227
64 213
65 112
65 244
65 67
65 212
65 241
66 239
66 233
66 192
67 112
67 95
68 90
68 129
68 160
68 131
69 174
69 236
69 91
70 215
70 123
70 182
70 88
71 208
71 247
72 127
72 156
72 111
73 106
73 251
73 195
74 176
74 104
74 125
75 228
75 176
76 111
76 203
76 143
76 197
76 220
77 89
77 121
77 94
78 210
78 132
78 166
79 154
79 197
80 115
80 184
81 233
81 192
81 98
81 108
82 231
82 105
83 207
83 118
83 162
84 210
84 121
84 166
85 202
85 218
85 145
85 126
86 184
86 159
86 248
87 145
87 247
87 114
88 182
88 198
88 226
89 216
89 164
89 155
90 129
90 173
91 93
91 107
92 134
92 204
93 174
93 184
94 213
94 242
95 175
95 154
96 196
96 187
96 206
96 150
97 242
97 243
97 163
97 221
98 102
98 108
98 183
99 105
99 208
99 200
100 206
100 117
100 178
100 109
101 157
101 183
101 190
101 120
101 165
102 232
102 130
103 227
103 165
103 133
104 146
104 140
105 231
105 225
105 200
106 212
106 241
106 251
106 134
107 236
107 191
107 151
107 250
108 192
108 227
109 113
109 178
109 138
109 211
110 146
110 131
110 187
110 188
111 156
111 143
112 244
113 117
113 170
113 138
114 194
114 238
114 174
115 171
115 184
116 249
116 237
117 206
117 240
118 251
118 195
118 207
119 142
119 135
119 195
120 165
120 189
121 166
121 242
122 180
122 217
122 229
123 246
123 215
123 167
123 218
124 152
124 150
124 210
124 132
125 176
125 219
125 199
125 235
126 218
126 194
126 171
127 205
127 156
128 208
128 247
128 158
128 224
129 146
129 131
130 147
130 148
130 168
131 146
131 188
133 165
133 189
134 251
134 169
135 195
135 207
136 201
136 185
137 177
137 181
137 162
137 202
138 161
138 211
139 247
140 199
140 146
140 196
140 187
141 191
141 250
141 147
141 148
143 220
144 217
144 186
144 209
145 202
147 148
147 168
148 250
149 160
149 216
149 188
150 187
150 152
152 187
152 188
152 210
153 214
153 223
154 175
154 203
155 192
155 164
155 227
156 205
156 175
156 203
157 232
157 183
157 190
158 208
158 200
158 249
158 224
159 184
159 173
160 173
160 239
161 170
161 234
163 243
163 179
164 239
164 216
164 192
166 242
166 243
167 181
167 246
167 202
167 218
168 234
168 232
168 186
169 204
169 231
170 237
171 182
171 194
171 226
172 209
172 190
172 177
173 248
174 238
175 205
175 221
175 203
176 185
177 181
178 193
179 243
180 211
181 202
182 218
182 226
186 234
186 232
187 196
188 210
189 246
190 209
191 236
191 237
193 211
195 251
196 199
196 214
197 228
197 220
198 220
198 226
198 245
198 201
200 208
201 220
201 245
204 231
204 219
205 230
205 221
206 222
208 247
214 235
217 234
222 223
222 240
223 249
223 240
224 249
224 236
225 235
226 245
229 244
230 242
238 247
239 248
240 249
242 243
