125 281 10.8785
7.42415 3.58645
5.55253 6.36084
5.86303 2.7918
7.74956 5.28622
4.78293 3.02525
2.15853 0.15775
2.62146 9.13094
6.16527 4.35501
9.231 8.55346
3.4038 10.5369
4.07667 5.91481
7.01314 4.32721
1.62977 9.6344
9.07026 3.94174
1.90848 7.729
6.07771 1.88414
2.39003 4.10495
8.49786 2.46
9.26747 2.039
0.992721 9.04494
10.0693 1.67285
0.0515851 3.26226
0.112255 4.18818
0.0182041 7.71903
3.45841 6.5356
1.4706 10.5021
2.82403 3.33211
10.206 0.795283
9.28016 5.68572
8.60507 5.09667
8.41128 7.10988
0.841207 3.67199
7.67796 0.757515
7.24433 8.17233
7.3065 6.04634
0.777352 9.90887
3.73144 3.23636
5.40891 10.2447
5.45574 7.23675
0.679256 4.90519
3.13151 2.46512
8.57151 0.502665
7.63455 2.72619
1.75167 6.83794
0.103989 1.96102
3.59784 7.44776
9.52708 0.159171
0.596223 10.8204
2.99521 0.470931
7.11009 9.32045
4.9575 5.6942
6.71763 2.53021
10.2192 7.08908
6.42541 8.64353
9.21733 7.65403
10.0589 8.14225
8.05735 9.16557
9.94987 9.12133
9.32181 1.10814
7.37691 1.80624
9.75525 10.0913
1.8379 8.65729
2.6629 7.18403
5.60761 1.08656
10.7026 9.76979
6.5157 3.49531
1.48531 4.3633
7.77718 10.1207
4.25723 4.99442
9.00259 9.44596
8.32699 3.3903
1.33835 0.577722
8.74956 10.4239
5.17534 2.1744
10.4941 10.7627
6.4629 6.53201
10.2385 2.61007
4.66298 6.65276
3.97438 0.404554
5.6557 9.28882
4.62282 9.19816
7.06813 10.866
2.74636 8.19478
6.02868 0.145391
9.28436 3.00681
4.99612 0.273355
10.5693 5.05989
4.57222 7.69553
7.9692 4.35942
5.49824 3.66331
9.55815 4.75816
5.48618 8.24271
6.39839 10.0374
10.196 6.06354
3.28802 5.36399
2.14981 2.23573
9.29281 6.65349
4.12927 2.30997
0.378565 5.87539
8.36295 1.4934
5.26946 4.71771
1.46073 5.85803
2.23006 1.15086
3.49164 9.56277
0.849214 2.66802
6.40408 7.60309
4.45784 3.95134
2.24215 5.08189
2.52656 6.15148
1.22636 1.63306
4.56722 1.29486
0.0499672 8.72816
0.967381 8.05027
7.39486 7.07881
0.329187 0.949462
8.33554 6.08549
3.37985 4.25597
2.5061 10.1129
4.36705 10.2603
10.0626 3.77771
6.6773 1.01942
8.27448 8.12991
3.79986 8.48074
1.79577 3.29058
0.700473 6.94589
0 65
0 70
0 42
0 11
0 88
1 50
1 77
1 38
1 75
2 73
2 51
2 89
3 88
3 29
3 115
3 34
4 97
4 73
4 106
4 89
5 25
5 117
5 71
5 48
6 82
6 61
6 103
6 117
7 65
7 100
7 89
7 11
8 54
8 69
8 57
9 103
9 117
9 118
9 48
9 78
10 94
10 68
10 50
10 24
10 77
11 88
12 19
12 35
12 25
12 117
13 70
13 84
13 90
13 119
14 43
14 62
14 112
14 82
14 61
15 63
15 73
15 51
16 123
16 26
16 66
16 116
16 107
17 99
17 18
17 70
17 42
17 84
18 58
18 20
18 84
19 112
19 111
19 61
19 35
20 58
20 27
20 76
21 76
21 104
21 119
21 31
22 119
22 31
22 86
22 39
23 52
23 124
23 55
23 112
23 111
24 108
24 45
25 47
25 35
25 71
26 123
26 40
26 36
27 74
27 58
27 46
27 114
28 90
28 29
28 115
28 96
28 93
29 88
29 115
30 115
30 113
30 96
30 121
31 104
31 123
31 66
32 81
32 120
32 41
32 99
33 105
33 121
33 53
34 75
34 115
35 64
35 47
36 97
36 106
37 79
37 118
37 85
37 83
38 77
38 87
38 91
38 105
39 66
39 86
39 98
40 95
40 97
41 72
41 58
41 99
42 59
42 51
42 70
43 101
43 124
43 108
43 62
44 114
44 76
44 104
45 62
45 87
45 122
46 72
46 60
46 58
47 74
47 114
47 71
48 102
48 78
49 53
49 56
49 92
50 100
50 68
50 77
51 59
51 65
52 96
52 93
53 91
53 105
53 79
54 96
54 121
54 55
55 57
55 111
56 121
56 69
56 67
57 69
57 111
57 64
57 60
58 99
59 120
59 99
60 69
60 74
60 64
61 112
61 82
62 108
62 82
63 85
63 83
63 120
63 110
64 111
64 74
65 89
66 107
67 81
67 72
68 106
68 100
68 94
69 72
70 84
70 88
71 114
71 102
71 109
73 110
73 97
75 113
75 105
76 84
77 87
78 118
78 85
78 110
79 91
79 80
79 92
80 122
80 118
81 92
81 83
81 120
82 122
83 92
83 85
83 120
84 119
85 118
86 90
86 98
86 93
87 91
87 122
89 106
89 100
90 119
93 98
93 96
94 116
94 107
94 108
95 102
95 109
95 123
96 115
97 110
98 101
98 124
101 107
101 108
102 109
103 122
103 117
103 118
104 109
104 123
105 113
106 116
107 108
109 114
112 124
