252 566 15.336
9.57626 14.7486
0.743207 9.99622
11.3359 12.4162
13.729 2.96568
5.90714 1.79424
1.24471 3.17904
6.58468 8.79278
8.58795 10.5762
9.54355 12.126
11.2968 10.7424
0.243269 1.59051
14.1603 14.4899
13.6812 2.12113
8.20494 5.59313
1.45845 7.21859
11.6521 8.82142
3.93879 6.51265
2.65518 14.1652
3.21133 9.11657
0.614818 0.827026
1.805 4.77131
6.39091 1.11116
7.83007 14.3117
14.5184 4.64115
12.5748 4.54021
4.89028 10.8426
0.36386 10.76
14.9646 3.90918
0.0732404 6.44348
1.57996 9.84065
3.6009 14.2461
7.52691 12.764
10.4996 0.409255
7.92607 2.64354
5.05448 15.3178
14.9557 7.19126
3.05923 14.934
5.73808 0.532743
10.7534 11.4151
1.10674 1.53975
9.08064 4.797
12.0738 5.26043
6.65846 12.8803
7.78297 8.16549
1.46005 2.34301
5.78207 8.48416
13.2866 14.8197
8.74043 3.98252
10.2521 9.70889
10.4469 10.5792
2.98219 8.27438
7.26131 0.991553
0.191465 4.57192
12.9809 5.32583
7.9761 3.52339
11.7392 4.24547
8.07723 12.0872
4.58326 12.5883
1.22818 15.0989
7.66196 15.1844
10.5288 14.8592
15.0353 14.3848
6.47378 5.87703
4.09588 10.4383
1.79518 5.65618
9.64095 4.08795
1.05458 4.30131
8.40058 8.82009
5.79894 9.39111
0.710397 14.3404
9.50929 9.19394
11.175 3.07695
14.0924 5.41815
2.03498 6.54092
3.27671 1.31802
14.0824 3.77805
0.465017 3.59765
4.8767 9.94803
4.40702 0.620017
8.76941 2.34475
12.5647 11.2249
8.17121 4.6982
8.47859 7.57417
4.75651 7.9449
15.3346 9.06303
2.4055 9.4952
15.2208 11.7591
6.36528 4.72251
1.11694 13.3691
1.30021 10.6946
6.00878 11.4267
8.71918 9.69381
3.49133 0.404366
6.86005 14.4922
12.4102 15.1229
10.243 3.02414
0.551539 7.21631
9.84257 11.2797
10.1058 14.0337
2.16182 15.1388
13.2459 11.8721
2.64383 4.4224
13.3554 8.0511
8.80506 12.6536
12.8258 13.1293
14.8178 12.6242
13.8891 1.13845
1.05419 8.03433
4.90719 14.3502
12.4641 6.10881
7.21931 13.6211
4.03526 9.4992
7.37895 6.2613
10.4386 12.2905
2.56951 0.683794
11.6714 11.5726
15.1722 9.9979
10.875 6.94818
12.3564 12.2752
14.3811 8.98414
13.5905 4.60298
1.87703 3.83562
14.0316 7.04454
6.74966 7.88813
12.3614 9.40444
6.10724 2.6738
0.165527 13.5521
12.1334 10.3693
12.1712 0.758546
7.46417 9.04252
11.8662 13.1634
9.71913 2.20299
5.85828 12.3927
13.0906 10.0924
5.37397 4.35728
12.0861 3.3556
14.3391 7.99063
1.91883 11.4584
5.6137 6.43899
13.463 13.8806
3.75027 5.59817
2.54292 12.2618
4.128 11.3942
13.0244 7.12182
5.07766 11.7615
3.20877 10.0592
8.19694 13.4393
4.74871 6.98059
14.2397 11.8072
6.70671 9.72083
4.1553 15.0092
10.1164 1.27127
4.70615 5.97142
2.74072 5.41669
6.21794 13.7337
9.26851 3.18436
3.00394 6.41937
3.61609 4.58101
5.13405 1.27685
5.30226 13.2498
7.54339 7.24557
1.52268 12.4044
2.2779 10.4973
4.56705 4.96348
3.25535 2.30007
14.9966 0.850983
9.10109 13.9391
3.92723 8.48852
10.0297 4.99393
12.3512 8.16939
13.6544 10.9499
13.1514 0.451323
1.55932 0.684483
7.83992 11.1575
0.490647 12.5805
14.7145 10.8944
9.50092 10.3288
1.69736 14.238
11.3209 14.2677
8.85082 11.4838
0.0335547 8.07249
0.867793 11.5887
9.21336 8.24843
11.192 1.09414
6.5603 6.86898
13.4752 6.18401
11.0939 4.99399
4.43426 3.91088
7.06172 3.06362
8.32006 0.59965
14.4705 13.5856
0.871527 5.27963
9.0688 1.38651
2.12367 13.2635
4.28216 13.5386
14.1332 9.98962
7.19906 4.13333
1.05155 6.33539
1.00435 9.05932
2.39779 7.477
5.11727 2.34741
8.62177 14.8939
4.15923 2.86583
13.3494 9.07712
5.59183 5.38569
4.18584 1.76431
5.86111 14.741
10.5851 8.77218
12.9189 1.5042
4.9017 8.94046
12.8278 2.60507
13.0764 3.68924
5.67884 7.49758
8.37587 6.5603
11.4103 0.0208899
9.44567 6.87849
11.9651 7.02729
3.60835 12.3079
9.73971 13.0741
6.1867 3.70997
14.6329 1.858
6.82905 10.7892
5.78577 10.4126
9.17451 5.78959
11.9072 1.96894
11.2887 7.91141
3.20428 13.3379
10.175 7.73265
9.49725 0.380536
8.00471 1.65623
15.1154 5.49371
12.4059 14.0863
14.1929 0.131261
13.7786 12.7618
6.90985 1.96521
14.715 2.95799
10.8282 13.2788
6.97945 11.914
7.27569 5.22786
10.7867 2.12354
10.668 3.97981
11.4167 6.0407
3.57683 7.4432
6.68186 0.165147
11.2679 9.74261
0.217114 15.2526
10.2695 6.07156
1.99297 8.52989
3.26045 3.54627
2.32554 2.86972
7.73329 10.0704
0.458163 2.55974
0 166
0 98
0 201
0 228
1 116
1 29
1 26
1 89
2 115
2 113
2 130
3 210
3 235
3 211
3 75
4 21
4 200
4 158
4 125
5 44
5 251
5 76
5 121
6 123
6 45
6 129
6 149
7 250
7 91
7 176
7 173
7 179
8 179
8 97
8 103
8 113
8 218
9 49
9 244
9 127
9 115
9 38
10 165
10 19
10 220
10 39
10 251
11 139
11 190
11 61
11 232
12 208
12 220
12 210
13 81
13 238
13 223
13 213
14 197
14 73
14 107
14 96
14 199
15 225
15 169
15 124
15 244
16 140
16 156
16 152
16 147
16 242
17 226
17 177
17 36
18 50
18 167
18 145
18 85
18 111
19 245
19 165
19 172
19 39
20 66
20 101
20 64
21 37
21 243
21 51
21 234
22 146
22 110
22 59
22 201
23 120
23 27
23 72
24 55
24 211
24 41
24 53
25 63
25 222
25 77
25 142
25 144
26 116
26 181
27 235
27 75
27 76
27 52
28 230
28 197
28 35
28 96
29 198
29 162
29 85
29 89
30 226
30 194
30 36
30 150
31 237
31 42
31 56
31 146
31 110
32 60
32 228
32 214
32 183
32 151
33 229
33 79
33 188
33 54
34 150
34 206
34 78
34 37
35 122
35 180
36 99
36 92
37 243
37 158
38 49
38 97
38 115
38 113
39 172
39 44
40 81
40 47
40 65
40 223
40 168
41 241
41 109
42 132
42 237
42 154
42 110
43 160
43 82
43 129
43 67
44 251
44 249
45 212
45 209
45 68
46 139
46 94
46 171
47 54
47 155
47 81
47 65
48 207
48 70
48 176
48 49
48 244
49 176
49 97
50 199
50 242
50 247
50 167
51 243
51 229
52 66
52 230
52 191
53 120
53 109
53 185
54 196
55 135
55 186
56 173
56 179
56 103
57 144
57 217
57 194
57 159
58 245
58 69
58 177
58 99
58 172
59 201
59 243
59 189
60 98
60 178
60 214
61 190
61 126
61 245
62 204
62 238
62 184
63 145
63 111
63 77
63 142
64 191
64 153
64 197
64 73
65 155
65 240
65 168
66 76
66 121
66 191
67 182
67 129
67 91
68 209
68 222
68 149
69 126
69 245
69 177
70 182
70 91
71 239
71 95
71 135
71 240
72 120
72 230
72 185
73 197
73 156
73 199
74 114
74 92
74 164
74 205
75 235
75 211
75 120
76 251
77 209
77 111
77 222
78 150
78 92
78 158
79 229
79 192
79 131
79 155
80 127
80 115
80 100
81 238
82 213
82 160
82 182
83 147
83 212
83 167
83 209
84 180
84 119
84 198
84 116
85 247
85 145
86 175
86 181
86 148
86 105
87 219
87 196
87 204
87 238
88 174
88 126
88 193
89 162
89 181
89 137
90 222
90 144
90 221
90 132
91 250
91 176
92 150
92 114
93 154
93 110
93 206
93 243
94 231
94 214
94 171
95 131
95 239
95 155
95 240
96 197
96 180
96 107
97 176
97 179
98 166
98 218
98 236
99 177
99 114
100 170
100 118
100 233
100 148
101 121
101 157
101 153
102 169
102 143
102 136
102 203
103 146
103 218
104 118
104 233
104 231
104 130
104 139
105 233
105 148
105 174
105 190
106 171
106 232
106 208
106 220
107 180
107 198
107 247
108 194
108 150
108 206
109 241
109 216
109 185
110 154
110 146
111 167
111 209
111 145
112 238
112 184
112 213
112 160
113 218
113 236
114 172
115 118
116 195
116 175
117 246
117 241
117 227
117 225
119 136
119 203
119 195
120 211
121 249
122 185
122 136
123 184
123 160
124 203
124 127
124 133
125 200
125 234
125 188
125 219
126 174
126 190
127 244
127 133
128 214
128 183
128 171
128 208
129 149
129 250
130 236
130 231
131 192
131 151
131 239
132 144
132 159
133 203
133 195
133 170
134 187
134 219
134 163
134 204
135 210
135 211
136 180
137 162
137 161
137 141
138 204
138 152
138 147
138 184
138 212
139 231
139 190
140 157
140 153
140 163
140 152
141 161
141 217
142 144
142 217
143 216
143 185
145 162
146 166
147 152
147 212
148 170
148 175
148 233
149 250
149 221
151 228
151 192
151 239
152 163
152 204
153 156
154 159
154 206
157 248
157 187
157 163
158 205
158 200
159 194
160 184
160 213
161 181
161 174
161 193
163 187
164 205
164 249
164 202
165 245
165 232
165 220
166 218
166 201
167 242
167 209
168 186
168 246
169 225
170 195
170 175
171 232
171 208
173 250
173 221
173 179
174 181
175 195
177 193
178 236
178 231
178 214
182 227
183 214
183 239
184 212
186 240
186 241
187 202
188 234
188 219
188 196
189 201
189 229
189 192
190 233
191 230
191 197
192 228
192 229
193 226
194 226
196 219
196 238
198 247
199 247
200 205
200 202
202 205
202 248
206 243
207 227
207 225
208 224
208 210
210 224
210 211
213 223
213 215
215 223
215 227
216 241
216 225
217 226
218 236
220 235
221 222
221 237
223 246
224 239
225 227
229 234
235 251
241 246
248 249
