64 146 7.68091
2.08188 0.212221
5.64303 7.01492
0.433365 7.20938
6.04139 3.19533
5.43222 5.85323
5.03061 3.94887
0.735358 1.47414
2.87987 2.23464
0.913508 6.50462
0.247102 5.94602
1.06629 5.63901
2.87219 4.72491
4.30376 4.43805
7.08264 5.67226
3.48378 4.06694
4.4968 5.64776
3.783 7.32811
5.81103 1.34649
4.23555 3.54022
6.93623 4.61992
0.14356 4.02748
6.45993 7.3699
1.84513 3.07961
4.91314 1.08885
4.69094 7.55099
6.60169 0.732067
0.0291832 3.08255
3.70582 5.14168
6.93423 3.66876
5.89919 2.2924
7.60044 2.11441
6.80587 2.69416
6.69792 1.70568
4.62241 2.01625
1.35266 7.33511
0.943417 3.46463
3.82335 2.66925
6.24624 6.30943
0.142281 5.01032
7.36521 0.0912816
3.01446 0.244892
4.81695 6.56788
7.53234 1.11003
6.19091 5.27145
1.57991 1.01425
1.03752 4.48662
0.679057 0.450334
0.888462 2.43186
2.16261 4.03738
3.6534 1.64089
3.77768 6.3347
4.00667 0.624013
1.85907 6.24386
5.17424 4.91554
2.64078 1.23847
1.9043 2.05524
2.90903 3.22922
5.08478 2.96416
2.85474 5.74031
6.00572 4.1797
2.79055 6.86962
1.92904 5.11777
5.63255 0.326694
7.25772 6.6912
0 34
0 44
0 40
1 37
1 41
1 21
1 62
2 63
2 8
2 34
2 39
2 46
3 29
3 57
3 31
3 59
4 53
4 43
4 37
4 41
5 57
5 18
5 12
5 59
5 53
6 42
6 44
6 47
7 55
7 49
7 56
8 10
8 9
8 52
8 34
9 38
9 13
9 10
9 63
10 61
10 52
11 61
11 48
11 14
11 58
11 27
12 18
12 14
12 53
12 27
13 43
13 63
14 56
14 18
15 53
15 50
15 27
15 41
16 50
16 24
16 40
16 51
17 23
17 62
17 29
17 32
18 36
18 57
19 28
19 59
19 38
19 43
20 28
20 35
20 26
20 45
20 38
21 63
21 62
21 39
22 55
22 35
22 48
23 51
23 62
23 33
24 41
24 51
24 62
25 62
25 42
25 39
25 32
26 30
26 31
26 28
26 35
27 58
28 31
28 59
29 32
29 57
29 31
30 42
30 32
30 47
30 31
31 32
32 42
33 49
33 57
34 46
35 47
35 45
36 49
36 56
37 43
37 63
38 45
39 63
39 42
39 46
40 60
40 54
40 51
41 50
42 46
43 53
44 46
44 54
44 55
45 61
47 55
48 56
48 61
49 54
49 51
50 58
50 60
52 61
52 58
52 60
53 59
54 55
58 61
58 60
