252 567 15.3349
10.3898 11.7662
4.19943 6.45954
3.24544 10.2428
8.73338 11.4008
11.151 7.70035
6.76902 12.5948
15.2497 5.37011
10.8508 10.01
7.50674 1.51962
4.93082 9.3718
11.9593 4.12419
6.15499 2.80936
0.839929 12.549
5.88697 9.28149
11.0901 11.3094
3.15676 6.92053
2.95724 0.69129
7.92815 11.1779
7.79416 5.37671
10.0013 3.83387
12.9794 8.02585
11.2743 12.1456
10.1084 4.6875
11.5139 5.95354
4.58106 10.9074
5.38048 5.23849
4.37489 2.92942
2.47164 14.0996
10.4811 12.6071
0.781046 13.3977
7.38724 15.0048
5.0298 2.35507
7.82071 2.33093
3.23258 13.6859
7.45939 13.1209
13.7864 11.4258
14.5498 7.67916
6.80887 6.53639
2.12398 4.48074
4.70674 7.92107
6.37471 11.0795
13.4936 14.9657
3.72208 0.111884
6.61537 7.40236
0.436652 3.50064
6.9692 5.66571
9.58794 11.4608
1.942 6.99184
12.7174 13.3591
9.54749 3.08075
7.64874 6.24331
4.68578 14.6476
4.66329 4.73003
6.17569 11.9549
10.3905 13.4913
13.9925 3.11167
7.47454 7.13225
10.6024 3.18398
9.66718 12.9573
10.1355 2.40167
10.4653 8.24458
13.5057 1.57664
1.90986 5.34701
12.7334 14.4761
4.18379 2.06738
2.59947 7.61077
9.24278 2.2229
1.30133 8.84977
14.1573 2.215
10.1485 14.7257
11.8996 14.8675
0.0138539 7.27899
9.22123 4.78463
8.55125 8.67046
2.26841 3.59059
1.28851 11.7952
10.8837 0.682915
5.33066 8.58237
10.9998 15.1001
7.99556 3.69072
5.48601 4.34183
14.3921 13.3843
12.9685 11.9568
5.22291 6.12244
0.645865 2.61694
4.43373 5.61105
5.58984 7.67976
11.6021 9.53957
14.4504 0.18894
5.18478 10.227
11.7913 0.459175
9.57682 1.3503
11.0217 14.1626
2.83227 5.18286
5.2647 12.0708
3.75854 4.93772
4.39421 13.7673
8.26935 15.2293
10.5503 9.17046
1.43 3.15507
1.62407 13.7513
4.9041 7.01742
10.5128 1.54671
13.6096 3.96423
9.08276 12.2327
13.3839 9.32362
5.46105 11.1391
4.87683 12.9435
5.84326 12.8345
3.51217 5.87289
12.6769 0.0831217
5.91612 6.7792
7.93667 9.40034
8.25651 10.3255
8.28997 4.60374
15.3007 14.92
15.1638 10.0734
14.408 4.52761
4.26578 8.74431
3.97922 7.33387
7.19863 3.16041
14.7926 3.62295
14.9385 8.51593
3.25148 11.9971
8.90944 9.58695
12.7916 4.50271
6.15201 10.1684
11.9608 13.9141
2.33232 1.37621
9.21133 14.9561
13.2649 5.36455
15.1949 13.9323
0.993874 1.02462
6.56601 14.553
2.75725 12.8704
7.44986 14.0664
8.56586 2.90425
0.903861 0.0239712
2.25472 11.9042
15.0107 2.65252
8.9033 0.63814
7.58292 0.598219
12.0592 7.85486
11.3633 8.59778
1.42539 6.18134
11.0927 2.3491
13.4629 6.35641
1.74429 12.7741
12.194 12.5637
3.65541 11.0679
3.73043 14.4949
9.55705 6.61909
2.32021 2.61907
10.3221 7.29409
13.6567 7.36506
10.8752 5.24922
6.87692 2.20649
6.62313 0.238168
11.6266 10.5341
8.9665 3.84678
0.790466 14.3421
9.24096 10.5538
12.6807 7.03938
4.89882 1.40623
13.5446 0.599696
11.5302 1.42389
8.71359 5.63387
11.6431 6.89865
1.59463 10.8663
13.2162 2.50954
12.9516 10.9626
14.3634 14.5315
1.86333 0.474029
0.982556 7.11759
2.63002 10.9485
5.72497 0.76263
6.57522 13.5247
8.52148 6.67378
1.65836 7.92668
3.40873 8.17394
12.4703 6.01314
8.4643 14.2451
13.5307 13.8935
0.537322 10.8136
8.27803 7.70708
14.3996 9.39152
9.7798 5.59743
3.06273 4.19741
11.6054 3.24278
4.28123 11.8951
11.3054 13.1172
0.364088 9.19963
9.34584 7.67677
0.193831 11.8339
11.9271 5.08164
7.12334 11.6998
1.75443 14.7568
8.46651 1.59118
0.0398117 0.609467
10.2844 10.7734
15.2783 12.8951
12.4376 8.84056
9.50256 13.9474
1.18512 4.15943
10.6049 6.28396
9.92565 0.38208
0.116568 4.4335
12.1579 2.29934
7.27008 4.40266
6.30988 4.92893
12.0383 11.5214
5.62131 15.0148
8.69144 13.1953
2.33813 9.89911
4.18482 10.0043
13.5476 12.8014
2.31542 8.78508
5.87936 1.84081
0.583763 8.12589
3.18066 1.98582
13.8368 10.3325
13.8862 8.41837
1.22423 9.86396
6.34557 3.77889
7.48435 8.44811
3.82739 12.8903
0.167874 1.7033
3.86082 1.0999
2.50943 6.16983
2.80565 15.0455
12.6874 3.45241
14.295 5.57307
0.892285 5.24109
4.12124 3.88846
14.4635 12.1591
6.87786 9.39501
9.58215 8.76297
14.4659 1.23436
8.039 12.2924
0.280029 6.28015
4.70792 0.334282
1.45496 1.9811
6.35267 8.38779
14.5064 6.67546
5.30022 3.3242
12.5844 1.14296
12.5517 9.95601
3.29473 3.10829
7.20131 10.4883
10.9601 4.15431
3.33106 9.26681
14.7308 11.045
0 46
0 14
0 28
1 109
1 85
1 101
1 119
2 250
2 213
2 214
2 174
2 149
3 17
3 46
3 104
4 167
4 153
4 60
4 142
4 143
5 195
5 53
5 176
6 206
6 231
6 232
6 239
7 98
7 158
7 87
7 199
8 141
8 156
8 197
9 118
9 77
9 214
9 89
10 188
10 230
10 249
10 125
10 194
11 156
11 244
11 223
12 75
12 200
12 193
12 147
12 29
13 77
13 235
13 126
14 158
14 199
14 210
14 21
15 228
15 65
15 119
16 229
16 227
16 128
17 248
17 113
17 195
18 114
18 45
18 166
18 50
19 57
19 49
19 22
19 249
20 142
20 154
20 201
20 221
21 210
21 190
22 249
22 72
22 186
22 155
23 155
23 194
23 204
23 167
23 180
24 214
24 89
24 149
24 106
25 80
25 52
25 209
25 83
26 64
26 31
26 244
26 233
27 100
27 33
27 196
27 229
28 58
28 54
28 190
29 200
29 100
29 160
30 135
30 133
30 97
30 157
31 64
31 217
31 163
31 244
32 156
32 197
32 136
33 134
33 225
33 150
34 238
34 176
34 135
35 170
35 251
35 234
36 243
36 154
36 71
36 221
36 122
37 45
37 111
37 50
37 43
37 56
38 203
38 74
38 187
38 62
39 101
39 119
39 86
39 118
39 77
40 126
40 248
40 106
40 195
40 53
41 63
41 171
41 110
41 164
42 229
42 150
42 240
42 227
43 111
43 56
43 242
44 84
44 206
44 203
45 209
45 50
46 161
46 199
46 104
47 144
47 228
47 173
47 178
47 65
48 148
48 215
48 127
48 182
49 66
49 59
49 159
50 177
50 56
51 96
51 150
51 211
51 240
52 233
52 80
52 95
52 85
53 195
53 108
53 94
54 58
54 202
54 190
54 92
55 68
55 169
55 103
55 121
56 184
57 145
57 59
57 249
58 104
58 212
58 202
59 66
59 102
59 145
60 153
60 236
60 98
60 143
61 245
61 164
61 237
61 68
61 169
62 232
62 93
62 144
62 228
63 127
63 182
63 70
63 110
64 227
64 219
64 163
65 178
65 179
66 197
66 91
66 136
67 218
67 178
67 191
67 216
67 222
68 237
68 169
68 139
69 202
69 129
69 78
69 205
70 127
70 78
70 90
70 110
71 243
71 239
71 218
71 173
72 159
72 114
72 166
72 186
73 184
73 112
73 236
74 152
74 99
74 187
75 168
75 138
76 78
76 205
76 90
76 102
76 165
77 86
77 242
78 92
79 120
79 136
79 208
79 159
79 114
80 244
80 223
80 209
81 215
81 200
81 182
81 131
82 210
82 170
82 148
82 215
83 85
83 101
83 111
84 226
84 241
84 139
84 99
85 109
85 95
86 101
86 111
86 242
87 143
87 158
87 246
88 171
88 164
88 198
88 237
89 214
89 126
89 106
90 245
90 110
90 165
91 140
91 205
91 102
92 127
93 187
93 109
93 95
93 228
94 106
94 189
94 108
94 107
95 187
95 109
96 225
96 107
96 150
97 181
97 129
97 141
97 140
98 236
98 143
99 203
100 147
100 196
101 119
102 145
103 230
103 125
103 117
104 238
104 212
105 221
105 185
105 246
107 225
107 108
108 176
109 228
110 245
110 164
112 235
112 224
112 113
112 124
113 248
113 161
113 124
114 208
114 159
115 131
115 171
115 160
115 198
116 185
116 191
116 251
116 183
117 121
117 206
117 231
118 179
118 250
119 179
120 156
120 223
121 139
121 206
122 218
122 221
122 185
122 191
123 149
123 138
123 134
123 225
123 189
124 236
124 161
125 230
125 194
125 130
126 235
127 190
128 172
128 241
128 219
129 202
129 181
129 205
130 231
130 180
130 146
131 200
131 171
131 160
132 198
132 137
132 172
132 226
132 241
133 176
133 135
133 211
133 157
134 147
134 225
135 176
135 181
136 159
137 160
137 196
137 198
138 174
138 147
139 226
140 205
140 197
141 157
142 162
142 143
142 201
144 232
144 173
145 165
145 207
145 188
146 180
146 162
146 243
146 154
148 210
148 190
149 174
149 189
150 229
151 186
151 177
151 153
152 241
152 219
152 247
153 204
153 192
154 162
154 243
154 221
155 249
155 194
155 204
156 217
157 175
158 246
158 210
160 196
161 199
162 167
162 180
163 240
163 227
163 175
163 217
164 245
165 245
165 207
166 186
166 177
168 222
168 183
168 174
169 207
169 230
170 246
170 220
170 210
171 182
172 196
173 239
173 218
173 178
174 213
175 211
175 240
175 217
177 184
178 218
178 216
179 250
180 194
181 212
181 202
182 215
183 193
184 192
184 224
185 221
185 220
186 204
187 247
187 233
188 207
188 230
188 249
189 225
191 218
191 222
192 236
193 251
193 234
193 200
195 238
196 229
198 237
198 226
200 234
201 246
202 212
203 206
203 232
206 232
208 223
208 209
211 240
212 238
213 216
213 222
214 250
215 234
216 250
219 227
219 247
220 251
223 244
224 242
224 235
226 237
227 240
231 243
233 247
234 251
235 242
235 248
