253 570 15.3311
11.84 2.63524
6.19565 10.2666
9.58416 11.4328
14.2083 2.63737
10.0651 8.50502
12.956 11.3062
10.8339 14.0521
9.07397 9.17098
1.98345 1.21648
1.56763 3.77995
4.56578 3.66513
3.86967 8.41443
2.86664 13.4573
14.295 6.15694
4.30645 1.29685
13.6887 4.25155
4.63428 0.240676
6.31392 9.42993
3.08295 3.16733
14.3911 13.4786
13.3709 2.5545
13.6977 8.45252
10.7555 2.1934
5.5113 4.81376
3.93655 3.09004
4.14972 7.20709
11.623 13.7375
9.02606 10.023
1.61518 0.445431
2.29897 15.2479
0.210004 8.55625
13.9071 6.9169
1.96349 4.54353
2.58085 7.33126
12.8353 4.12045
11.4011 9.75691
7.32893 8.21159
13.6729 11.7726
1.25624 11.9153
13.5865 13.1628
0.835278 9.16907
9.70339 10.5807
12.6178 2.99439
3.51269 14.031
15.3135 9.39782
10.7707 4.94419
1.71526 7.25644
4.96801 10.8457
3.80994 13.1369
14.1731 12.5009
10.425 11.6032
13.3915 3.43064
11.372 0.52115
5.28754 1.89864
14.7 4.47581
14.9601 10.7766
3.82315 0.570406
4.46145 4.53046
3.40715 2.36186
7.30058 13.6361
6.91134 11.0654
4.10808 11.0995
1.70344 8.95456
2.76957 5.76087
11.1228 12.1771
12.3606 5.98307
15.2886 7.70813
5.4075 3.93589
3.39791 7.67645
5.4882 6.10933
0.960722 13.8572
12.1614 0.0647589
1.08554 1.16781
10.1372 14.5892
8.06084 2.40424
0.363249 6.52815
4.39524 13.8376
13.3687 7.62491
6.80849 0.0586111
12.1372 14.4683
9.42816 15.3267
6.10993 2.35572
10.8425 8.07831
2.55938 3.87964
9.96047 7.5879
10.8092 6.13804
0.168612 4.92084
11.8687 3.51957
11.6442 6.58085
0.742242 5.67038
12.0076 10.4391
1.29445 6.4448
7.2222 4.93763
11.5645 1.79297
0.809833 7.34596
11.0467 3.04471
5.78891 12.6258
5.14476 0.982551
2.7295 0.712915
2.08371 8.10275
7.0788 0.957788
6.47397 8.53306
9.2571 14.2562
1.07866 8.26199
7.73175 0.270307
5.33668 13.7808
7.21631 9.12837
14.823 6.89334
0.390697 14.6022
12.1861 11.7762
3.20951 15.2007
8.84161 10.9226
7.90554 1.46208
3.59095 9.281
9.05548 4.94995
15.113 5.78301
5.85874 11.1027
2.65568 14.396
10.7667 9.07934
2.95999 8.52534
13.5564 1.64873
7.23415 2.91775
2.23137 10.5404
0.720515 0.199374
14.6773 14.3599
14.5999 11.6548
1.04608 4.53912
14.0016 15.094
10.8067 7.10921
4.32593 6.29766
3.39419 1.41904
2.85661 4.80363
2.54346 1.95232
1.5414 2.02545
9.94379 4.50379
6.25728 6.68007
6.43919 11.8943
7.86769 10.7945
12.1704 1.03065
5.51454 8.69565
9.83063 2.09605
6.19684 5.45251
10.0126 13.623
6.36799 4.45243
14.3302 7.76112
10.8263 3.99939
5.06381 6.97869
8.10628 9.81712
7.22781 3.91679
4.81111 5.42309
1.45898 9.89128
4.56287 9.03601
8.0473 12.8164
9.94174 6.58153
8.87353 1.72902
13.0089 14.9051
11.6601 8.63299
10.7379 1.24946
0.114229 1.00478
10.9005 13.1191
14.5965 8.75655
4.1167 14.7811
7.01735 12.7206
11.2509 14.8914
11.5449 5.48974
7.01086 1.94269
8.12517 3.39228
13.6851 14.1195
7.11302 10.1134
8.12121 7.67343
4.37309 2.239
3.2368 10.3919
2.15001 11.5551
10.0064 5.53749
14.3558 3.56831
5.83945 0.259327
3.19203 11.4445
12.9629 12.4268
5.16257 14.7763
8.04466 5.51688
0.454204 10.2426
10.653 10.3713
10.0398 12.5078
11.7214 7.58811
9.90478 9.62211
13.4649 9.3821
0.014775 13.5724
15.1524 12.5183
1.93218 13.6742
11.9454 4.51956
13.0123 10.3533
0.504446 1.98496
8.50151 14.939
1.96182 12.6011
4.0467 12.0915
13.9671 10.8391
9.15609 8.21073
6.21583 14.58
6.31451 13.5032
3.04213 12.5067
7.13811 7.24507
12.8609 5.10816
9.69626 1.05476
13.3352 6.12336
4.7411 7.98625
1.27055 10.9353
12.5702 2.00132
13.1332 0.628728
7.45798 14.6133
8.1352 4.45797
11.3343 11.1986
14.4398 9.85893
10.4171 0.230618
9.03971 7.12798
15.0183 0.0228876
8.66902 0.686377
7.08722 6.02621
12.6064 6.95832
10.0347 3.27926
12.7016 13.6173
9.0855 3.89842
4.79003 12.8935
6.11737 1.32663
15.165 2.84516
12.7051 8.38991
3.58381 4.02271
9.09706 13.0733
14.7389 1.8172
5.37193 9.75168
11.9353 12.7951
9.02146 2.78808
0.324317 11.5295
8.04931 6.6007
8.28965 13.862
0.207629 3.89013
9.02145 6.00902
6.27945 3.38176
1.77451 5.52384
5.87498 7.68027
12.3621 9.45987
1.44205 14.7525
8.18677 8.74912
2.1058 2.93953
3.73522 5.40391
14.229 0.81424
7.61213 11.8218
3.31249 6.63903
0.872645 12.8424
5.23084 2.92091
13.9843 5.20767
4.28754 10.086
2.55661 9.52142
8.75667 11.9847
0 93
0 206
0 95
0 87
0 42
1 17
1 228
1 168
1 116
2 41
2 111
2 50
2 252
3 227
3 20
3 223
3 174
4 196
4 82
4 118
5 190
5 109
5 37
6 142
6 159
6 26
6 73
6 163
7 196
7 241
7 27
7 184
8 28
8 98
8 133
8 132
9 242
9 126
9 32
10 24
10 248
10 57
10 67
11 68
11 204
11 119
11 151
11 113
12 199
12 188
12 43
13 249
13 115
13 203
13 31
13 107
14 56
14 97
14 130
14 170
15 51
15 34
15 174
15 249
16 161
16 178
16 56
16 97
17 101
17 228
18 242
18 58
18 24
18 83
18 225
19 167
19 39
19 186
19 124
20 206
20 120
20 42
20 51
21 77
21 144
21 224
21 185
21 160
22 140
22 157
22 93
22 95
23 67
23 143
23 149
23 141
24 170
24 225
25 246
25 129
25 146
25 68
25 204
26 229
26 159
26 79
27 147
27 184
27 41
27 111
28 29
28 123
28 72
29 240
29 117
29 110
29 98
30 66
30 44
30 103
30 40
31 203
31 107
31 77
31 144
32 126
32 83
32 237
32 131
33 246
33 99
33 46
33 68
34 51
34 189
34 201
35 118
35 181
35 239
35 90
36 200
36 169
36 101
36 241
36 106
37 195
37 125
37 177
37 49
38 231
38 205
38 172
38 247
38 193
39 177
39 49
39 219
39 167
40 44
40 62
40 150
41 184
41 181
41 111
42 206
42 87
42 51
43 76
43 117
43 161
44 160
44 211
44 180
45 134
45 145
45 173
45 164
46 91
46 94
46 99
47 250
47 61
47 116
48 199
48 221
48 76
49 125
49 187
50 210
50 182
50 64
51 174
52 163
52 212
52 138
52 71
52 157
53 97
53 170
53 222
53 248
54 174
54 234
54 249
54 86
55 180
55 195
55 125
56 110
56 130
57 225
57 149
58 132
58 130
58 170
59 162
59 198
59 233
59 208
60 168
60 136
60 245
61 250
61 176
61 194
62 99
62 103
62 150
62 251
63 237
63 131
63 243
63 246
64 210
64 229
64 159
65 164
65 201
65 88
65 217
65 203
66 107
66 144
66 94
67 248
67 236
68 246
68 119
69 149
69 141
69 146
69 135
70 247
70 186
70 188
70 108
70 240
71 79
71 155
71 138
72 158
72 191
73 142
73 102
73 212
74 112
74 166
74 230
75 115
75 89
75 107
75 91
75 94
76 221
76 105
76 161
77 217
77 144
77 224
78 197
78 208
78 175
78 104
78 100
79 219
79 163
79 155
80 192
80 215
80 212
81 222
81 165
81 248
81 236
82 183
82 128
82 156
83 242
83 225
83 131
84 213
84 196
84 128
85 173
85 164
85 153
85 88
85 128
86 234
86 126
86 115
86 89
87 95
87 189
88 217
88 183
89 115
89 237
89 91
90 239
90 190
90 210
91 237
92 143
92 209
92 179
93 138
93 157
93 206
94 103
95 218
95 145
96 221
96 136
96 198
97 175
97 222
98 110
98 130
99 119
100 104
100 222
100 165
100 112
101 238
101 139
101 106
102 233
102 142
102 192
104 208
104 192
104 215
105 221
105 198
105 178
106 241
106 168
107 144
108 240
108 214
108 123
109 210
109 229
109 177
110 117
110 161
111 137
111 252
112 165
112 154
113 119
113 151
113 251
113 250
114 209
114 220
114 134
114 235
116 136
117 188
118 156
118 184
119 251
120 244
120 206
121 165
121 236
121 166
121 148
122 150
122 251
122 171
122 205
122 172
123 240
123 214
123 158
124 167
124 186
124 127
124 214
125 195
125 231
125 187
126 234
127 167
127 155
127 244
127 214
128 153
128 183
129 243
129 149
129 246
129 146
130 132
131 225
131 243
132 133
132 242
133 191
133 242
134 220
134 145
135 216
135 238
135 200
136 162
137 168
137 147
137 245
138 207
138 206
139 238
139 204
139 151
139 228
140 202
140 154
140 230
141 143
141 216
142 226
142 159
143 236
143 148
144 160
145 218
146 238
146 204
147 241
147 168
148 166
148 209
149 243
150 205
151 204
151 250
151 228
152 162
152 245
152 252
152 233
152 226
153 173
153 235
153 213
154 215
154 202
154 230
155 167
155 207
156 183
156 224
156 239
157 212
157 202
158 214
158 227
158 191
159 182
159 229
161 178
162 245
162 198
163 212
164 189
165 222
166 230
166 209
166 220
169 232
169 200
169 213
169 241
170 248
171 251
171 250
171 176
172 205
172 176
172 193
173 235
174 223
175 178
175 197
176 199
176 194
177 229
178 197
179 209
179 232
179 216
179 235
180 205
181 184
181 210
182 226
183 217
185 239
185 190
185 211
186 187
187 231
187 247
188 193
189 201
190 239
190 195
191 227
191 223
192 233
192 208
192 215
193 247
193 199
194 199
194 221
195 211
196 213
196 241
197 198
200 232
201 249
202 215
202 212
203 249
203 217
205 231
207 244
208 233
209 220
213 232
213 235
214 244
216 232
218 230
219 229
220 230
223 227
223 234
224 239
226 252
226 233
227 244
228 250
232 235
236 248
245 252
