128 290 10.8374
4.29891 8.32071
5.4449 9.40194
4.86358 9.98218
0.328907 0.468142
6.34155 6.15695
2.44471 2.24929
3.35601 8.85417
4.13832 2.65623
8.45356 2.89835
0.128468 4.51178
8.937 9.65271
4.05745 10.2296
1.68619 9.74113
4.93628 2.9715
8.10531 9.41818
3.28034 6.26041
7.24759 3.60942
3.014 1.60806
1.09513 7.90702
9.64471 3.2514
2.6253 5.66819
3.3476 9.71908
5.69981 2.4864
5.59889 10.4313
1.00562 3.00322
2.14609 1.4336
6.96376 9.09887
1.84041 5.25493
3.68647 3.3966
10.4387 8.28917
5.76909 6.82008
2.50625 9.40413
5.60727 3.54739
4.1438 6.02478
3.25643 2.59103
3.88463 1.80824
7.51332 7.52244
6.09813 8.82287
4.87433 1.05345
10.1959 4.95896
3.25891 10.6219
0.177321 5.40926
7.26641 4.51709
2.73304 4.76135
8.36208 5.80578
4.88249 6.56976
7.46755 5.45613
9.21732 2.43749
7.48452 1.37474
10.6828 9.31558
0.231857 7.59714
5.65914 0.520671
0.486208 8.59874
2.84616 7.0692
6.63451 7.17148
0.789466 9.53203
8.42233 7.78718
10.1939 4.00495
0.82086 3.91272
3.48947 5.35774
0.976684 4.87503
8.16085 3.75711
7.22787 6.39369
5.85203 7.77081
10.201 7.14906
6.48815 10.7487
8.34681 10.3719
6.4241 4.04149
6.28259 9.76983
5.18719 8.52409
1.95522 7.51026
2.81281 3.78552
3.98436 6.97568
8.75226 8.73222
6.78713 8.15381
1.70143 0.585661
6.49562 3.02373
10.0466 5.92877
9.74904 8.97534
5.73501 1.52137
7.74537 8.53189
10.2363 0.319881
1.08666 6.95755
1.17587 10.5408
7.4323 0.311092
4.84115 2.0307
6.66345 1.98861
4.8465 7.55733
3.65911 4.3704
6.58581 0.931446
10.204 2.41041
0.890415 1.23744
1.49157 2.15116
4.74054 0.0759714
8.17977 6.79126
1.08752 5.89362
9.20984 0.105161
2.25525 10.5243
0.0432033 3.23936
2.50367 8.40312
4.22815 9.27001
1.49941 8.79141
8.33585 1.93572
3.45487 7.88717
2.75709 0.656355
9.2299 5.26068
4.62123 3.89674
0.416063 2.20779
7.50497 2.65721
8.24757 4.78847
2.02406 6.44796
1.99734 3.11743
9.15127 4.12707
9.26242 6.66293
4.50316 5.06867
9.84847 10.0478
5.50802 4.56817
6.465 5.1744
0.143403 6.44539
10.533 1.35775
8.38461 0.829881
1.83116 4.2347
5.45448 5.70193
0.106568 10.3356
9.38539 1.39508
3.87219 0.769139
9.47238 7.92038
7.32028 10.0576
0 103
0 87
0 100
0 69
1 69
1 37
1 2
1 68
2 100
2 11
2 23
2 93
3 123
3 81
3 91
4 122
4 117
4 30
4 62
5 92
5 25
5 17
5 111
5 34
6 103
6 99
6 100
6 21
7 35
7 85
7 34
7 28
7 13
8 102
8 108
8 47
8 61
9 58
9 39
9 60
9 41
10 14
10 73
10 66
10 115
11 100
11 40
11 21
11 93
12 55
12 101
12 31
12 83
12 97
13 85
13 32
13 106
14 80
14 73
14 127
15 59
15 53
15 33
16 76
16 108
16 67
16 61
16 42
17 104
17 25
17 35
18 82
18 50
18 70
18 52
18 101
19 47
19 112
19 57
20 43
20 27
20 59
20 110
21 31
21 100
21 40
22 85
22 79
22 76
23 68
23 65
23 93
23 51
24 107
24 92
24 98
24 111
24 58
25 75
25 104
25 92
26 74
26 37
26 80
26 68
26 127
27 121
27 95
27 60
28 34
28 71
28 88
29 126
29 50
29 78
29 52
30 45
30 54
30 63
31 99
32 116
32 67
33 59
33 114
33 72
33 45
35 125
35 85
36 54
36 94
36 74
36 56
37 74
37 69
37 68
38 125
38 93
38 51
38 85
38 79
39 57
39 105
39 77
39 41
40 97
40 104
41 60
41 118
42 67
42 109
42 117
43 121
43 71
43 88
43 59
44 109
44 105
44 94
45 122
45 72
45 87
46 109
46 117
46 62
47 102
47 124
47 90
48 89
48 120
48 102
49 78
49 55
49 52
49 123
50 64
51 93
51 89
51 79
52 101
53 110
53 70
53 103
54 62
54 63
54 74
55 101
55 123
56 94
56 126
56 80
56 73
57 98
57 112
58 98
58 121
58 60
59 88
59 114
60 121
60 95
61 109
61 112
62 94
63 87
63 74
63 69
64 113
64 118
64 126
65 68
65 127
65 89
65 84
66 127
66 96
67 76
67 116
68 127
69 87
70 82
70 110
70 99
71 111
71 121
71 88
72 103
72 87
73 126
73 80
73 78
74 80
75 83
75 97
75 104
75 91
76 108
77 105
77 113
77 118
78 126
78 115
79 89
79 85
79 86
81 123
81 96
81 119
82 95
82 118
82 110
83 123
84 127
84 89
84 120
86 89
86 108
88 106
88 114
90 119
90 107
90 98
91 107
92 107
92 111
93 125
94 113
95 118
95 110
96 115
96 120
97 104
98 107
99 103
99 101
102 120
102 108
104 125
105 109
106 116
107 119
109 112
111 121
114 116
114 122
115 123
116 122
116 117
117 122
119 124
120 124
