128 287 10.8482
2.6691 0.525473
3.27365 6.29956
3.90721 6.83409
1.38152 10.5841
4.00955 5.91007
8.18288 5.72705
7.65588 3.1045
3.8024 7.66341
10.2302 2.63398
6.86993 3.43257
0.0496546 2.10026
2.03794 4.88913
3.48783 0.723703
3.40422 3.58934
7.7012 5.02324
10.1213 5.46156
0.61786 5.47947
0.869878 6.46096
6.29978 6.17073
7.77992 1.1867
10.2075 1.57867
4.28397 1.07081
4.62448 7.35236
0.67478 7.3232
7.98894 8.43915
2.24794 7.83696
4.68362 6.46175
6.68222 6.96887
0.846879 0.419831
0.465388 3.90687
8.18343 10.3221
0.901123 2.32725
5.43127 5.96643
7.06869 0.633369
5.34132 7.9071
6.849 2.55035
4.25879 3.08775
3.0886 8.18747
10.2218 0.680088
1.0191 8.95805
5.39135 4.61452
8.4368 3.53889
3.33724 1.60713
8.56774 1.64895
8.59583 2.62494
2.55568 3.27824
7.29769 10.5809
2.27753 10.5751
7.06333 5.66955
3.2493 10.6982
6.05883 5.28367
2.38429 6.38729
6.04252 3.03392
1.77283 0.548695
6.83489 4.72998
6.04352 2.05806
10.3954 3.71511
4.20285 4.04085
0.216789 2.99981
7.29662 7.68035
9.08715 10.0627
4.2017 0.134979
9.4423 0.126604
7.51857 9.63749
1.33162 8.05403
9.36888 1.11585
10.0831 10.0899
5.18482 2.54389
6.15212 4.01728
6.09911 1.00683
1.89402 3.97861
2.32496 8.78484
6.91617 1.58364
9.58715 9.20527
4.72162 5.31621
8.46076 9.27696
4.47104 8.29786
4.70972 9.28096
7.73784 2.16765
1.18458 3.25691
9.43552 2.13121
8.72493 6.49492
6.30704 7.86392
0.230808 1.16854
1.24892 1.41133
3.95847 9.99377
10.8472 10.7792
2.85222 4.37817
3.69204 8.9744
2.97957 7.19697
3.75188 4.94793
7.5915 4.06116
8.96858 8.36181
1.10576 4.65105
9.76484 6.36821
0.315934 8.24078
10.7967 6.16798
10.8058 4.76123
1.63101 7.06556
3.31108 2.61703
9.40075 7.37167
9.12885 5.50333
10.6466 9.20077
2.81513 5.45867
8.44334 0.448046
5.17651 1.49397
4.24683 2.06888
5.6983 8.86003
10.5236 7.22627
2.32969 1.42935
8.31346 7.48659
5.67204 6.94972
1.56926 5.7532
1.75126 9.67878
5.22952 0.384091
6.45361 9.69198
8.57411 4.55249
1.91563 2.4622
10.0665 8.2499
6.28592 10.8102
0.650501 9.91793
5.15911 3.60697
7.00376 8.70238
5.39215 10.1103
2.884 9.71419
9.43947 3.25132
9.71107 4.53267
7.62906 6.56693
0 47
0 49
0 53
0 12
0 109
1 103
1 4
1 51
1 89
1 2
2 26
2 7
3 120
3 113
3 47
3 28
3 53
4 74
4 26
5 14
5 101
5 127
5 81
6 78
6 9
6 41
6 91
7 89
7 37
7 76
8 80
8 10
8 125
8 58
9 35
9 68
9 91
10 83
10 20
10 31
10 58
11 93
11 70
11 87
11 112
11 103
12 49
12 61
12 21
12 42
13 99
13 45
13 87
13 57
14 54
14 91
14 116
14 48
15 126
15 97
15 96
15 94
16 97
16 93
16 112
16 96
17 112
17 96
17 98
17 23
18 32
18 50
18 48
18 111
18 27
19 33
19 104
19 72
19 43
20 38
20 83
20 80
21 61
21 106
21 105
22 26
22 76
22 34
23 108
23 98
23 95
24 110
24 92
24 122
24 75
25 98
25 89
25 64
25 37
25 71
26 32
27 111
27 127
27 82
27 59
28 86
28 83
28 53
29 79
29 58
29 97
29 56
29 93
30 63
30 46
30 60
30 104
31 84
31 79
31 117
32 74
32 50
32 111
33 119
33 46
33 72
34 111
34 76
34 82
34 107
35 72
35 55
35 78
35 52
36 106
36 121
36 57
37 89
37 71
37 88
38 86
38 65
38 62
38 83
39 95
39 64
39 120
39 113
40 121
40 68
40 74
40 50
41 125
41 44
41 91
41 116
42 109
42 106
42 99
43 65
43 78
43 80
44 78
44 80
44 125
45 117
45 99
45 70
46 63
46 119
47 113
47 124
47 53
48 54
48 127
49 124
49 85
50 54
51 112
51 103
51 98
51 89
52 121
52 67
52 68
53 109
53 84
54 68
54 91
55 105
55 72
55 67
56 125
56 58
56 126
57 121
57 90
58 79
59 82
59 110
59 122
60 75
60 73
60 66
60 62
61 85
61 114
62 104
62 65
63 122
63 75
63 115
64 98
64 95
65 80
66 73
66 102
66 86
67 106
67 105
67 121
68 121
69 119
69 114
69 105
69 72
70 79
70 93
70 87
71 113
71 124
72 78
73 92
73 118
73 102
74 90
75 92
76 88
76 77
77 107
77 85
77 123
79 117
81 101
81 127
81 94
81 110
82 122
83 84
84 109
85 88
86 120
87 103
87 90
88 124
90 103
91 116
92 110
92 100
92 118
94 101
94 96
94 100
95 118
95 102
96 108
97 126
99 106
100 110
100 118
101 116
102 118
102 120
105 114
105 106
107 115
108 118
109 117
113 120
113 124
114 123
114 119
115 122
115 123
115 119
116 126
119 123
