63 139 7.72173
2.4961 0.295611
7.42383 7.61119
4.7761 0.469386
3.25893 3.66311
3.07669 2.48155
1.60164 7.56687
1.72175 5.68567
5.59179 0.725931
2.55492 5.12949
4.97092 6.67367
4.14703 5.07562
0.85364 4.37919
4.19171 4.18542
2.52934 6.01726
6.48403 2.11535
6.86643 4.61734
4.67584 3.42276
7.28272 1.68512
7.37955 0.76479
3.82528 1.99925
0.516018 2.25888
3.28742 7.61849
0.413875 1.32127
0.498882 3.23793
4.99016 4.72678
1.29077 1.70363
0.894553 5.31095
1.70472 4.7675
2.02729 1.06509
3.85048 2.96307
1.59199 3.79367
5.95464 4.86509
4.29766 6.01005
3.37499 5.60143
3.3269 4.58945
5.40582 7.51943
3.86923 0.673011
1.11804 0.644515
5.93181 6.64501
7.6657 4.06383
4.59956 1.38798
6.46133 1.13307
2.23468 2.05761
5.58632 1.72242
3.47541 6.63305
2.42591 3.18766
5.75749 2.77838
4.7396 2.43083
6.9863 6.76312
4.27191 7.36708
0.640432 7.41588
1.38518 6.60719
6.68491 3.62703
3.04019 1.33793
7.58387 5.32358
1.41487 2.75566
0.297359 6.35654
6.45242 0.0383325
7.31261 2.71426
6.54149 5.74714
5.33436 5.72874
5.59459 3.86823
2.4346 7.0255
0 62
0 21
0 28
1 48
1 50
1 57
1 18
2 49
2 35
2 36
2 7
2 40
3 45
3 29
3 34
4 42
4 19
4 45
4 29
5 50
5 62
5 51
5 37
6 27
6 26
6 13
6 51
7 35
7 41
8 27
8 34
8 13
8 33
9 32
9 60
9 49
9 38
9 35
10 34
10 24
10 12
10 33
10 32
11 30
11 39
11 27
11 26
12 16
12 34
13 33
13 62
14 41
14 43
14 17
14 46
14 58
15 52
15 31
15 39
15 54
16 47
16 29
16 61
17 41
17 18
17 22
17 58
18 41
18 22
19 53
19 47
19 40
19 29
20 22
20 25
20 58
20 55
21 62
21 44
21 49
21 36
22 37
22 25
23 58
23 55
23 39
24 61
24 31
24 60
25 28
25 42
26 27
26 54
27 30
28 37
28 42
28 53
29 47
30 55
30 45
31 61
31 60
31 59
32 33
32 60
32 44
33 34
33 44
35 38
35 57
36 53
36 40
37 50
38 60
38 59
38 48
39 52
40 47
40 43
41 57
41 43
42 53
42 55
43 46
44 62
44 49
45 55
46 47
46 61
48 59
48 56
50 56
50 51
51 56
51 62
52 58
52 61
54 59
54 56
