63 140 7.69602
2.70402 5.04371
0.289726 1.33358
5.96991 5.42131
1.69461 1.77458
3.30124 4.45088
2.27492 0.0266221
4.24814 1.8464
5.84891 7.41845
5.98754 0.668434
5.02705 4.00584
4.96782 7.063
6.56083 3.54098
5.58617 2.25919
0.60182 2.14362
7.28784 3.02129
3.23592 7.09577
0.122126 6.12346
6.21333 6.60154
1.38468 2.60477
0.8677 5.57706
3.20266 3.56847
5.24543 4.89433
7.1487 1.01659
6.6618 4.8373
3.56221 5.30997
4.34592 0.94325
6.44622 2.61326
3.13589 0.341274
5.92579 4.21956
4.72984 2.63022
3.09006 6.15566
7.1427 6.79778
4.51261 5.52701
2.3279 6.79766
1.35756 7.54639
5.11532 0.311339
2.41541 4.16013
2.59303 2.04886
2.14771 5.79178
0.227683 0.399806
4.23917 4.55224
6.82828 5.82514
1.44449 3.7834
5.27285 1.33647
5.6257 3.23892
0.430379 7.07186
4.19686 3.49828
5.33311 6.14688
6.31186 1.59009
0.563783 3.18861
6.76861 0.0712127
7.30698 2.02628
3.39491 1.35086
1.32911 6.48073
7.65493 5.11755
7.45351 4.01989
2.32356 1.01196
4.09468 6.49651
1.60007 4.85994
1.18964 0.917309
4.11255 7.62233
2.29318 3.0837
3.55278 2.57873
0 36
0 4
0 38
0 24
1 22
1 59
1 39
1 51
1 13
2 21
2 47
2 41
3 59
3 56
3 37
3 18
4 20
4 36
4 40
4 24
5 34
5 33
5 56
5 27
6 25
6 52
6 62
6 29
7 17
7 35
7 50
8 35
8 50
8 48
9 46
9 44
9 40
9 28
9 21
10 47
10 60
10 35
11 44
11 26
11 14
11 28
11 55
12 48
12 43
12 29
12 44
12 26
13 51
13 18
14 51
14 26
14 49
14 55
15 30
15 33
15 60
15 27
16 54
16 19
16 31
16 45
17 47
17 41
17 31
18 49
18 61
19 54
19 58
19 53
20 61
20 62
20 46
20 36
21 28
21 32
22 50
22 39
22 48
22 51
23 28
23 54
23 41
24 30
24 32
25 60
25 35
25 52
25 43
26 48
26 51
27 60
27 56
27 52
28 44
29 46
30 38
30 33
30 57
31 41
31 45
31 50
32 40
32 47
32 57
33 38
33 53
34 45
34 53
34 59
35 60
35 43
36 61
36 42
36 58
37 56
37 52
37 61
37 62
38 58
38 53
39 45
39 59
40 46
41 54
42 49
42 61
42 58
43 48
45 53
46 62
48 51
52 56
54 55
56 59
57 60
