255 576 15.3405
4.68102 2.99653
15.0673 0.820754
8.77849 12.2314
15.0993 6.12895
10.8406 14.8326
10.6224 6.47215
8.67906 5.85771
5.02482 7.78325
11.3782 6.07251
7.55019 1.41582
14.7303 5.38278
9.04013 7.54771
3.35785 4.37263
1.53155 6.72538
13.4523 11.1785
10.1252 11.2484
5.76623 12.9696
7.00264 3.15168
8.43647 2.18403
7.11314 9.70141
13.3295 2.8885
15.246 10.4531
8.89637 14.7022
5.7691 7.38768
1.75591 7.54556
0.426786 1.29799
10.8029 2.50704
4.10848 15.2928
4.53923 7.09181
1.25011 3.06527
7.92314 6.24296
14.5255 14.6756
2.63557 0.734856
12.642 7.87521
0.162306 14.2954
3.13271 12.8301
6.55918 7.73381
6.91019 10.5464
7.77707 0.585568
6.0715 11.8687
12.0091 11.6452
12.8758 11.8126
11.5435 2.05443
11.3477 6.93151
1.21119 8.22243
10.8006 7.62486
13.8905 5.6
8.93911 5.03714
13.2885 12.5968
6.59515 8.99121
4.06992 11.4095
12.6471 0.235533
4.23354 10.5295
14.9792 3.85327
4.79735 8.6126
8.54697 13.0689
13.9485 13.2011
7.87945 3.25286
11.6599 4.00334
5.2559 12.2329
8.58619 9.07276
11.6829 10.808
13.0381 5.30767
9.32296 9.59998
7.37222 13.44
8.07211 11.7261
6.11616 3.09451
11.1631 8.56351
2.46223 1.61296
9.02847 6.66439
9.42082 12.8207
7.22484 6.95809
2.71058 9.07517
15.2936 4.70025
15.0555 1.83401
7.4443 7.85455
5.37941 9.30335
2.11036 8.36768
3.61202 8.83724
10.2689 8.35581
2.14012 3.21648
4.32436 6.22489
1.453 3.94297
9.84258 4.90526
6.3339 6.68883
7.75814 12.596
12.5935 10.9433
13.8165 14.1114
12.6746 14.425
8.43735 1.28254
7.23035 14.3604
8.75927 10.3741
0.890743 4.69728
13.2873 10.298
2.75702 2.50188
2.37473 11.3717
11.5364 5.19009
13.448 0.703352
3.25343 14.2095
9.70406 10.4519
1.34952 12.7522
1.80417 4.98347
0.404987 5.52005
8.0072 9.79188
4.86849 13.0802
6.06497 14.7514
3.3739 9.75122
7.93068 15.013
11.716 0.261979
2.58461 7.16842
9.28864 1.86663
0.546907 3.65921
12.2573 5.8388
0.661377 8.96301
6.53681 3.93988
3.08407 3.40199
10.1105 14.2878
7.03007 6.02764
11.7312 14.6356
13.2018 6.24319
11.7207 7.78855
5.93471 0.38238
5.33032 3.63866
12.3431 4.65744
0.815257 0.468305
10.6063 0.376435
4.76134 4.45482
12.3001 10.0208
11.0322 13.9348
7.50121 4.1227
1.32233 5.83222
1.80383 2.3136
4.30735 14.3864
14.3396 4.55182
3.38845 6.00618
14.4984 8.6942
8.35053 8.1544
14.7297 13.7565
13.0431 13.516
9.55956 0.913138
3.80364 2.71094
5.97588 10.9319
3.03118 8.05541
14.3312 0.259972
14.9858 11.5535
5.0231 11.3003
10.2572 13.297
9.31206 8.4442
14.258 1.27662
0.833195 7.34331
3.4196 1.78033
9.2453 13.7798
15.1964 7.04179
13.3187 1.68412
1.60396 10.7435
10.6569 3.43673
6.67462 1.07475
8.18326 7.155
2.28559 12.3973
3.22704 11.8846
1.80966 0.249063
7.51178 2.35456
10.6029 5.53993
10.1715 12.193
2.5024 13.5499
11.2627 1.14705
13.3878 7.27012
9.6202 5.87773
4.1489 12.3767
8.83389 3.0487
6.06268 5.72806
7.84399 10.7793
13.4622 15.04
5.17353 10.2768
5.40916 2.40865
1.45786 11.7639
14.3642 7.66838
3.58134 7.00859
11.6126 3.02375
15.307 15.2426
11.3963 9.52877
12.0192 13.6602
15.1446 9.502
14.0183 11.9439
13.059 9.31979
8.71691 0.312505
3.61141 0.77326
9.70304 15.2256
7.96752 5.21301
2.81016 5.16064
3.06675 15.2015
5.6572 1.37395
1.64308 9.2574
2.42036 4.17528
11.0338 11.5692
4.07473 7.94743
4.46914 1.89822
13.3262 4.35124
4.05902 3.71795
7.57955 8.8547
3.95941 5.12787
5.33245 6.51984
14.0802 9.65278
0.608731 11.1167
14.0467 3.53525
1.45839 13.7539
9.8537 2.73577
3.90727 13.4239
6.17359 9.89854
0.480098 12.2038
0.760223 2.21352
13.5119 8.33743
2.17649 14.5797
12.1529 8.74081
2.39435 10.0457
10.7779 4.48866
5.80019 8.376
9.14552 11.3305
9.92504 7.14616
8.20084 14.0106
5.08274 15.1119
14.3097 10.7284
10.3139 9.37961
10.3124 1.65449
4.70616 0.821149
12.3497 1.20564
5.3049 14.0224
12.2812 12.6111
5.01051 5.4707
6.46028 2.13166
5.79128 4.6688
4.38156 9.52851
14.1663 2.35423
2.33423 6.15051
12.5749 3.54068
10.7449 10.4211
8.55589 4.10314
14.8236 12.6872
6.39213 13.7475
12.4912 2.36911
0.427524 13.3237
6.93365 0.0194454
14.2179 6.56607
6.87688 4.98311
9.66695 3.87428
15.1857 2.85999
12.3588 6.90002
11.1518 12.6849
3.2467 10.7946
0.0524013 8.10237
1.47533 1.29752
6.71378 12.6509
0.806686 10.0079
1.05623 14.7828
7.04721 11.5513
0 140
0 174
0 198
0 122
1 179
1 143
1 148
1 25
2 65
2 217
2 70
2 55
3 10
3 102
3 242
3 152
4 128
4 116
4 118
4 125
5 162
5 43
5 218
6 188
6 47
6 167
6 30
6 69
7 195
7 28
7 23
7 216
7 54
8 162
8 96
8 112
8 43
9 156
9 38
9 161
9 89
10 133
10 73
10 46
11 69
11 157
11 136
11 218
11 147
12 193
12 198
12 189
12 200
13 130
13 233
13 149
13 24
14 93
14 86
14 221
14 41
14 183
15 99
15 217
15 194
15 163
16 251
16 104
16 238
17 161
17 66
17 57
17 114
18 161
18 110
18 89
18 169
19 49
19 199
19 208
19 37
19 103
20 232
20 239
20 204
20 234
21 182
21 252
21 221
21 203
22 219
22 187
22 185
23 201
23 84
23 36
23 216
24 149
24 44
24 109
24 77
25 124
25 74
25 210
26 223
26 42
26 206
26 178
26 155
27 132
27 220
27 186
28 177
28 81
28 201
28 195
29 210
29 131
29 80
29 111
29 82
30 117
30 157
31 87
31 137
31 179
31 143
32 190
32 160
32 186
32 68
33 246
33 120
33 166
33 213
33 211
34 137
34 240
34 179
34 253
35 158
35 159
35 164
35 207
36 75
36 216
37 208
37 254
37 171
38 107
38 241
38 185
39 254
39 141
39 59
39 251
40 194
40 61
40 86
40 227
40 41
41 86
41 227
41 48
42 165
42 178
42 239
43 246
43 120
43 45
44 149
44 113
44 77
45 218
45 120
45 79
46 62
46 119
46 242
47 236
47 188
47 83
48 227
48 183
48 138
48 56
49 216
49 199
49 208
50 52
50 248
50 145
50 159
50 168
51 172
51 108
51 97
51 225
52 231
52 173
52 248
53 204
53 245
53 133
53 73
53 111
54 195
54 76
54 231
55 85
55 70
55 219
56 237
56 138
56 87
56 137
57 161
57 169
57 129
58 178
58 215
58 234
58 123
59 145
59 104
60 136
60 147
60 103
60 63
61 235
61 194
61 86
62 123
62 197
62 112
62 119
63 222
63 99
64 251
64 85
64 238
64 219
64 90
65 254
65 171
65 85
66 229
66 174
66 122
66 114
67 120
67 79
67 213
67 180
68 250
68 131
68 150
68 94
69 167
69 157
69 218
70 163
70 151
70 146
71 117
71 84
71 157
71 75
72 77
72 78
72 214
72 106
73 133
73 92
73 102
74 232
74 148
74 245
75 136
75 199
76 216
76 231
76 173
76 208
77 142
77 192
78 142
78 195
78 106
78 231
79 147
79 222
80 131
80 115
80 94
80 193
81 228
81 134
82 111
82 92
82 193
83 244
83 215
83 167
83 162
84 170
84 201
84 117
85 251
86 127
86 93
87 138
87 137
87 172
88 181
88 138
88 118
88 172
89 185
90 238
90 219
90 107
90 241
91 103
91 99
91 171
91 217
92 102
92 101
93 184
93 202
94 131
94 150
94 115
95 175
95 154
95 248
95 159
96 215
96 123
96 162
96 112
97 172
97 143
97 153
97 148
98 164
98 207
98 190
99 235
99 217
100 175
100 209
100 158
100 205
101 193
101 130
101 189
102 130
103 199
103 171
104 168
104 207
104 226
105 238
105 220
105 241
105 121
106 214
106 231
106 248
107 219
107 241
107 185
108 118
108 165
109 233
109 177
109 142
110 139
110 223
110 206
111 245
112 246
113 249
113 192
113 182
113 252
114 230
114 129
115 140
115 193
115 198
116 151
116 146
116 128
116 187
117 243
117 170
118 128
118 181
119 246
119 242
120 213
121 220
121 241
121 156
121 191
122 126
123 197
124 179
124 253
124 160
124 250
125 187
125 165
126 198
126 230
126 200
126 228
127 184
127 180
128 146
128 181
129 236
129 243
130 233
131 210
131 250
132 207
132 226
132 220
133 197
134 189
134 200
134 233
134 177
135 176
135 249
135 211
135 202
135 182
136 157
136 199
136 147
137 237
138 181
139 187
139 185
139 223
140 150
140 196
140 198
141 173
141 208
141 145
142 195
143 172
143 179
143 148
144 221
144 203
144 183
144 209
145 173
146 247
148 153
148 232
149 152
149 249
150 186
150 196
151 219
152 242
152 176
152 249
153 225
153 232
153 239
154 252
154 214
154 203
154 175
155 206
155 178
155 244
155 215
156 241
156 191
156 229
158 175
159 248
159 168
160 253
160 212
160 250
161 229
162 215
162 167
163 194
163 247
164 205
164 212
165 223
165 225
166 246
166 242
166 176
166 211
168 207
169 206
169 236
170 230
170 228
170 243
170 201
171 254
173 231
173 208
174 196
174 191
174 229
175 203
175 209
176 211
177 195
178 239
178 234
180 222
180 235
181 227
182 202
183 237
184 213
184 211
184 202
185 187
186 190
186 224
188 243
189 193
189 233
190 212
191 224
191 229
192 252
192 214
194 247
196 224
197 204
197 234
200 228
201 228
202 221
203 252
203 209
205 240
205 253
205 212
209 237
209 240
210 245
212 253
214 248
220 226
220 224
222 235
226 238
227 247
228 230
230 243
232 245
236 244
237 240
238 251
251 254
