126 286 10.8508
1.89965 2.27382
1.88969 6.90171
7.51703 2.96853
6.41376 8.55179
9.77112 7.2621
7.67951 4.72905
5.09412 5.5522
8.3632 5.56277
0.878667 4.41141
5.56423 2.30501
10.0743 6.47092
5.2161 3.78219
5.83325 5.12337
4.40822 6.06189
10.6833 9.66411
3.44259 7.83003
4.62276 9.37172
7.6669 10.0663
4.71552 0.202636
3.18659 8.66466
5.79363 3.14386
4.25852 6.92167
1.79846 9.46542
4.32365 7.8052
8.04305 6.37008
2.84893 0.462936
2.18908 3.08119
5.2222 6.41456
0.524546 3.60919
4.20515 10.3228
10.0865 9.00174
4.07778 8.66755
5.07602 7.30915
4.73384 1.98705
10.6991 0.900925
5.97673 4.24407
1.23689 8.74988
1.22868 10.6392
3.42113 4.40307
9.03337 0.169955
3.52002 5.9107
2.50466 4.22029
4.51771 1.08484
6.35947 1.88464
8.20101 1.87701
5.05839 4.65918
7.28416 2.10054
3.7209 9.52918
6.81264 7.48734
1.0018 7.03668
10.8399 4.56309
6.63654 2.79804
8.57146 0.996975
0.561913 7.90156
7.13015 6.57673
0.356473 6.32256
10.4647 8.13643
1.53891 7.84197
4.88461 2.92599
9.54482 1.05646
0.282171 8.84687
5.89168 7.80047
2.4835 6.20478
9.48692 8.13293
5.65051 0.290377
3.79962 0.428282
2.74488 9.4928
6.0886 6.81912
7.02658 0.0487327
8.05987 9.19691
7.4328 5.62728
0.792602 0.663911
1.6045 3.83387
10.7031 7.17447
2.48168 1.36038
0.453539 1.6624
2.51643 7.59491
6.74623 4.85889
6.26962 10.2303
6.43034 5.85489
1.87996 0.522332
6.46334 0.899187
1.18582 2.88491
1.45277 1.46129
3.23968 10.4148
5.82006 9.28451
7.94624 3.815
2.22248 8.59618
2.84145 2.34279
9.09957 9.0852
9.74792 9.93301
8.04833 0.115239
3.27733 6.87515
9.22994 3.68647
9.19818 2.02844
8.46366 8.22369
0.851338 9.70362
2.18647 10.3675
8.85657 6.94335
6.87636 3.79894
5.49791 1.33234
7.8324 7.34089
0.736281 5.3703
2.7964 5.20169
4.14592 5.11132
8.66315 10.0718
10.2591 1.82095
6.93346 9.3902
3.90335 2.57084
10.0337 0.133835
1.73423 4.90218
8.6612 4.62918
0.116665 2.68157
5.20245 10.1791
5.08083 8.47867
4.22646 3.76048
7.37788 8.36334
8.49561 2.87168
7.52511 1.08405
3.15001 3.40436
0.209438 10.6004
9.78879 4.64464
10.4774 5.55515
10.3411 3.62887
9.34283 5.77475
3.55788 1.48817
0 83
0 88
0 82
0 26
1 49
1 62
1 76
2 46
2 51
2 117
2 86
3 61
3 116
3 85
4 98
4 73
4 10
4 63
5 86
5 111
5 77
5 70
6 45
6 12
6 13
6 27
7 111
7 70
7 124
7 24
8 28
8 50
8 72
8 102
8 110
9 33
9 100
9 43
9 58
9 20
10 124
10 122
10 73
11 58
11 20
11 115
11 45
11 35
12 45
12 35
12 79
12 77
13 40
13 104
13 21
13 27
14 30
14 60
14 90
14 120
15 92
15 76
15 23
15 19
16 47
16 31
16 114
16 113
17 107
17 105
17 91
18 29
18 113
18 65
18 42
18 64
19 87
19 66
19 31
20 58
20 51
21 92
21 23
21 32
22 87
22 36
22 66
22 96
22 97
23 32
23 31
23 114
24 54
24 98
24 101
25 84
25 80
25 65
26 88
26 119
26 72
27 67
27 32
28 112
28 82
28 123
29 47
29 84
29 113
30 56
30 89
30 90
31 47
31 114
32 61
33 42
33 100
33 108
33 58
34 109
34 71
34 106
34 75
35 99
36 57
36 60
36 87
37 120
37 96
37 97
37 71
37 80
38 119
38 41
38 115
38 103
38 104
39 105
39 91
39 52
39 109
40 103
40 104
40 92
41 119
41 72
41 110
41 103
42 65
42 125
42 100
43 81
43 100
43 46
43 51
44 118
44 52
44 46
44 94
44 117
45 104
46 118
46 51
47 66
47 84
48 67
48 54
48 61
48 116
48 101
49 55
49 53
49 57
50 123
50 121
50 122
51 99
52 118
52 91
52 59
53 56
53 57
53 60
54 79
54 70
54 101
55 122
55 102
55 73
56 73
56 63
56 60
57 76
57 87
58 108
58 115
59 109
59 94
59 106
60 96
61 67
61 114
62 103
62 92
63 95
63 89
64 113
64 81
64 100
65 84
65 125
66 87
66 97
67 79
68 78
68 81
68 91
69 116
69 95
69 89
69 105
70 79
70 77
71 120
71 83
72 82
72 110
74 80
74 83
74 125
74 88
75 106
75 83
75 112
76 92
76 87
77 99
78 85
78 107
78 113
80 97
80 83
81 118
81 100
82 112
84 97
85 114
85 113
86 117
86 99
86 111
88 125
88 119
88 108
89 95
89 105
89 90
90 105
90 109
91 105
91 118
93 117
93 111
93 123
93 121
94 106
94 117
95 116
95 101
96 120
98 101
101 116
102 122
102 110
103 110
106 112
107 116
108 125
108 119
109 120
111 121
112 123
115 119
121 123
121 122
122 124
