251 568 15.3734
1.95542 2.0047
13.0368 11.9282
14.214 1.99488
8.12084 0.380411
11.4661 0.158238
5.25043 6.50115
1.09191 3.7186
9.00252 9.51226
11.4921 9.95222
2.90808 8.56563
5.19161 4.53378
3.9126 3.92908
10.6833 12.093
1.02915 5.68175
1.34008 11.0085
10.6314 8.16604
7.99469 7.08259
3.0174 10.4195
14.4348 12.8006
2.74838 5.45964
14.8589 5.4919
10.44 11.2795
14.8948 14.6637
12.5181 12.5915
12.3927 1.83053
6.76936 6.4762
8.1651 11.0968
14.7751 3.6572
5.09047 3.69356
14.7629 1.3508
12.9498 4.46015
6.24669 7.81653
6.08325 2.97235
4.69512 7.14972
6.90211 9.44166
10.9264 0.822432
12.2979 11.5145
11.8735 13.1658
14.6311 8.59442
11.652 2.92739
2.28554 4.72182
14.788 6.74087
1.07487 8.67483
1.87961 5.50727
5.22161 2.8306
13.061 3.59785
3.69769 1.5728
9.64105 6.93678
13.0607 7.4524
3.65257 9.81856
11.9178 14.7937
4.68973 1.19363
7.9005 14.1043
12.968 14.7898
7.71398 14.9873
14.7991 9.46418
14.0162 5.04196
8.10432 13.2287
10.4777 6.14347
6.95116 12.0107
9.34146 4.95388
14.0393 14.8571
2.0988 7.47392
7.7154 5.14139
1.6144 11.8446
2.60587 11.2019
0.176578 7.22126
8.81013 11.701
8.66351 6.50753
9.25567 4.05167
0.337897 14.3135
5.32066 11.9675
6.0092 6.95119
6.24432 0.258012
6.99983 14.0047
12.2641 7.03578
6.80751 14.9052
0.313301 5.14783
11.1202 4.57995
2.81666 1.82003
10.5764 1.65271
1.73883 13.8835
4.36821 3.16572
11.3788 7.66796
3.72933 8.90505
7.80168 3.87957
10.7506 9.46411
3.11194 6.38669
5.994 6.01378
3.79624 7.03717
5.54002 0.864181
1.07592 6.61963
0.339352 4.20216
12.948 8.72694
11.0695 3.63696
8.63823 10.3251
9.54127 1.1518
10.7207 10.4164
5.41773 10.6682
5.8717 14.7684
8.55415 5.5483
13.9204 7.10071
10.5123 7.26334
12.8882 1.06848
9.89418 13.0023
8.57482 1.15978
14.6837 2.7489
4.3725 6.28753
2.04529 1.11713
6.12789 12.4531
15.3656 13.0501
13.1414 9.90823
14.7097 7.66698
3.86809 10.7299
0.238295 1.00629
4.66664 11.2837
13.858 1.1644
14.828 4.57554
1.6869 9.38295
12.4476 0.194573
8.74171 3.24604
8.46899 4.5752
0.364876 9.28793
5.98329 8.71237
13.0727 6.51083
12.2914 8.00192
3.46725 14.0102
1.04051 10.132
4.27177 13.414
0.852425 13.511
9.75302 7.87335
13.7109 2.91141
13.3025 1.99247
11.4834 1.99585
7.20014 0.42161
5.57999 9.62399
3.0425 3.61831
6.91321 3.41336
8.84159 7.45863
6.84505 5.54019
12.2684 9.44279
1.99124 8.42911
2.54413 14.4233
3.67673 5.58533
4.29345 4.77547
4.3966 12.252
6.00894 4.97292
7.9814 8.01193
12.1887 6.01671
9.66484 14.7347
10.2271 4.16558
10.2839 5.19394
3.04348 7.65062
13.4552 0.248498
8.63727 14.7165
5.17434 12.9347
7.79299 2.89402
7.94908 9.04633
10.7977 14.8686
2.02881 3.79483
3.25398 15.1508
9.05555 0.28051
11.2585 5.55953
9.9617 8.86569
9.85907 9.90236
2.40799 2.81994
15.0766 12.094
7.09509 7.3724
6.0162 3.93237
11.3714 13.9911
9.74562 12.0034
12.6035 2.75465
13.9087 4.06916
11.3938 11.1698
10.3169 13.9241
9.76832 3.22598
14.7393 11.1105
13.8536 9.18081
3.48883 12.7507
14.6285 13.7432
0.188384 6.14526
0.729069 12.3282
3.25647 4.63218
12.0784 4.88811
3.50962 11.6845
4.06123 0.452499
11.8658 1.03007
8.92865 12.686
11.6279 12.2182
12.4403 13.9554
7.60259 1.48851
10.1117 0.306834
10.9098 13.0286
7.20159 11.0557
7.65245 10.0691
2.71621 9.50013
4.61904 10.0305
0.419654 11.2934
0.178326 8.26306
4.1705 7.9863
2.05405 10.3601
13.7757 8.11765
2.62838 13.3812
2.55692 12.2055
9.70282 2.16051
13.4557 12.8537
0.0131678 10.2696
4.5017 2.15886
1.17865 0.555597
5.27278 7.94105
3.03778 0.824523
5.58198 1.8964
2.09328 6.47231
7.12412 12.9981
10.6869 2.6745
6.15503 11.397
1.67152 12.8569
1.04755 1.66169
6.12439 13.4912
8.60162 2.19738
7.70735 6.1531
11.3356 6.64249
9.50545 5.94462
7.93548 12.2243
14.1317 10.2293
6.95686 4.47496
0.246571 15.3309
12.2911 10.5196
7.01227 8.45738
14.5606 0.366883
4.76444 8.93157
1.10383 7.6625
14.007 11.8981
13.0869 5.44434
6.39979 10.3028
5.14417 14.0214
8.91771 8.5353
14.0416 6.06084
6.51174 1.25099
0.271435 3.1587
1.3237 2.75649
5.07776 5.51913
13.5506 13.9579
9.16538 13.7679
2.193 0.0683636
3.48056 2.62409
6.86233 2.33105
9.49774 10.9312
4.2658 14.7354
11.4764 8.7088
1.26344 4.70114
0 108
0 217
0 79
0 240
0 165
1 36
1 23
1 232
2 116
2 132
2 29
2 106
3 54
3 134
3 161
3 105
4 158
4 50
4 35
4 186
5 241
5 107
5 88
5 72
5 33
6 239
6 240
6 92
6 250
6 159
7 236
7 95
7 164
8 140
8 97
8 86
8 227
9 152
9 141
9 84
9 195
10 28
10 144
10 241
10 146
11 82
11 182
11 136
11 144
12 21
12 170
12 188
12 192
13 250
13 77
13 43
13 180
14 127
14 200
14 197
14 64
15 130
15 102
15 83
15 249
16 220
16 68
16 167
16 147
16 138
17 200
17 195
17 49
17 65
17 113
18 232
18 205
18 166
18 179
19 40
19 43
19 143
20 117
20 77
20 237
20 180
21 97
21 247
21 173
22 179
22 61
22 226
22 70
23 188
23 205
23 37
24 186
24 103
24 133
24 132
24 171
25 139
25 88
25 72
25 220
25 167
26 95
26 193
26 67
27 106
27 239
27 172
27 117
28 82
28 44
28 168
29 116
29 229
29 114
30 45
30 183
30 233
31 72
31 209
31 167
31 228
31 123
32 246
32 44
32 137
32 168
33 107
33 89
33 199
33 209
34 228
34 234
34 194
35 191
35 186
35 80
36 227
36 173
36 188
37 188
37 192
37 169
37 189
38 201
38 112
38 198
38 177
38 55
39 133
39 214
39 171
39 94
40 250
40 159
40 182
40 43
41 237
41 180
41 112
41 66
42 231
42 198
42 122
42 141
42 118
43 250
43 212
44 207
44 211
44 82
45 171
45 131
45 172
46 210
46 79
46 207
47 222
47 138
47 130
47 102
48 75
48 124
48 125
48 201
48 101
49 84
49 195
49 196
49 113
50 169
50 189
50 119
51 185
51 90
51 207
52 74
52 57
52 54
52 154
53 189
53 242
53 119
53 153
54 76
54 154
54 134
55 177
55 224
55 206
56 172
56 117
56 233
56 237
57 223
57 213
57 187
58 151
58 162
58 222
58 221
59 215
59 193
59 109
59 223
59 213
60 121
60 69
60 151
60 222
61 242
61 153
61 229
62 212
62 231
62 152
62 141
63 225
63 121
63 139
63 100
63 220
64 216
64 203
65 200
65 203
66 112
66 231
67 247
67 223
67 187
67 170
68 220
68 222
68 138
69 120
69 175
69 121
69 150
70 129
70 226
71 115
71 215
71 145
71 155
71 109
72 88
73 99
73 76
73 90
73 134
73 238
74 213
74 218
74 76
75 221
75 124
75 125
76 99
76 134
77 92
77 250
77 180
78 150
78 94
78 162
78 183
79 210
79 245
80 204
80 133
80 214
81 216
81 129
81 202
81 142
82 207
82 245
83 221
83 102
83 125
83 249
84 199
84 230
85 156
85 225
85 121
86 163
86 249
86 164
86 97
87 143
87 212
87 89
88 241
88 139
89 107
89 152
89 199
90 211
90 238
91 180
91 212
91 231
92 239
92 117
92 250
93 125
93 201
93 140
93 177
94 214
94 150
95 194
95 247
96 161
96 105
96 191
96 204
97 164
97 173
98 196
98 234
98 115
98 215
99 235
100 121
100 220
100 222
101 237
101 201
101 112
102 221
102 130
103 186
103 119
103 153
103 116
104 187
104 170
104 243
104 174
104 192
105 161
105 190
105 219
106 131
106 239
107 143
107 241
108 208
108 244
108 210
109 218
110 166
110 179
110 129
111 140
111 177
111 227
111 224
112 201
112 198
113 196
113 184
113 115
114 226
114 208
114 217
115 145
116 153
116 229
116 132
118 141
118 127
118 200
118 195
119 186
119 153
120 219
120 156
120 175
122 198
122 206
123 209
123 228
123 135
124 233
124 148
124 237
125 249
126 202
126 128
126 142
126 248
127 206
127 200
128 178
128 155
128 235
129 216
130 138
130 236
130 163
131 132
132 171
133 186
133 214
134 238
135 230
135 196
135 234
136 245
136 165
136 159
136 182
137 246
137 156
137 225
137 168
138 147
138 236
139 225
139 146
139 220
140 249
140 227
142 202
142 160
142 244
143 182
143 144
144 182
144 241
145 184
145 178
146 225
146 168
146 241
147 228
147 157
147 236
148 162
148 233
148 221
149 243
149 174
149 154
149 191
150 175
150 151
151 162
151 222
154 243
154 161
155 235
156 246
156 219
157 236
157 194
158 169
158 191
159 165
160 248
160 244
160 210
160 185
161 191
162 183
162 221
163 236
163 164
164 247
165 240
165 245
166 176
166 197
166 232
166 181
167 228
168 225
169 174
169 192
169 189
170 247
170 187
173 188
174 192
175 204
175 214
176 224
176 206
176 197
176 232
177 201
177 224
178 184
178 203
178 202
179 242
181 197
181 216
184 203
185 248
185 210
187 223
187 243
188 192
189 242
190 246
190 238
193 234
193 194
193 215
195 200
196 230
197 206
198 231
199 209
199 230
202 216
203 216
204 219
204 214
205 232
205 242
207 211
207 245
208 226
208 244
208 217
209 230
210 244
211 238
213 223
213 218
215 234
217 240
218 235
226 229
233 237
235 248
238 246
239 240
