63 142 7.70067
4.36678 7.35782
7.07452 5.90492
6.47918 3.59774
1.25106 6.11868
4.27568 4.84843
3.65449 4.25915
2.91654 1.78162
3.85026 5.58384
5.12145 1.30654
7.29179 6.77295
6.14669 4.39125
7.69289 1.08319
3.61505 0.340812
7.29139 1.88087
0.399962 2.29246
4.66725 3.06904
2.29045 2.40514
3.80739 3.38079
6.6188 5.15394
0.622004 0.427566
6.32855 7.51049
5.23201 7.56617
2.85669 0.874178
3.50044 7.13248
6.76862 1.03666
4.52888 3.98951
2.15071 6.15902
2.90033 3.12696
1.34797 2.27405
4.76953 5.62162
3.5913 2.42191
1.92953 3.28003
7.57775 5.1417
4.54677 0.5602
4.20072 6.44938
5.76616 5.61343
5.49387 2.57107
0.908871 1.36858
6.00261 1.68049
3.09081 5.02333
3.1432 6.20813
5.23423 4.71328
5.83052 0.660847
0.491576 7.14102
4.57042 2.09696
1.61948 0.424541
0.299546 6.0938
2.0421 5.13964
2.56386 4.10487
0.375358 4.23189
6.33763 6.50443
1.47003 4.21155
5.2491 6.54689
5.50385 3.63692
2.56852 7.57965
1.98608 1.43978
1.58288 7.03958
0.938049 5.18869
7.43033 3.33466
3.80078 1.33276
6.56984 2.60583
7.32185 0.12917
0.86216 3.22212
0 23
0 34
0 21
0 33
1 32
1 18
1 46
1 50
2 53
2 60
2 58
2 10
3 57
3 46
3 26
3 56
4 5
4 25
4 7
4 29
5 17
5 39
5 25
6 22
6 55
6 16
6 59
6 30
7 39
7 40
7 29
7 34
8 33
8 42
8 44
8 38
9 46
9 50
9 43
10 53
10 41
10 18
11 61
11 24
11 19
11 13
11 37
12 23
12 22
12 33
12 59
13 14
13 60
14 28
14 62
15 44
15 17
15 53
15 36
15 25
16 55
16 28
16 31
16 27
17 27
17 25
18 35
18 32
19 43
19 61
19 45
19 37
20 50
20 42
20 61
21 52
21 33
21 42
22 54
22 55
22 59
23 40
23 54
23 34
24 42
24 61
24 38
25 53
25 41
26 47
26 40
26 56
27 30
27 31
27 48
28 37
28 55
28 62
29 41
29 35
29 34
29 52
30 44
31 62
31 51
31 48
32 49
32 57
32 46
33 59
34 52
35 52
35 50
36 44
36 38
36 53
36 60
37 55
38 42
38 60
39 48
39 47
43 46
43 56
43 61
44 59
45 56
45 54
45 55
46 57
47 51
47 57
48 51
49 58
49 62
49 51
49 57
50 52
51 57
54 56
58 60
58 62
