128 289 10.8359
9.73559 8.17547
5.3468 9.36508
4.26356 0.847346
4.29549 8.17624
6.97525 7.88784
5.29667 5.84406
8.65887 3.80125
2.91043 9.44531
5.24316 8.52937
2.90826 6.07878
1.9392 9.18089
2.86739 3.06501
1.07898 9.23199
4.46517 6.03971
3.52372 0.42561
5.81796 0.454083
10.2066 10.7861
0.616431 7.74395
4.41893 5.157
7.48646 0.0983777
5.9883 6.35816
5.21817 7.66616
5.0812 1.12828
6.16039 4.40659
1.10504 10.1054
2.31818 7.76646
4.05838 10.5721
9.93039 5.32381
10.0527 9.91088
2.61707 8.61634
4.33306 1.71655
4.71739 9.96599
4.39234 7.31273
0.402107 2.73403
9.84075 1.61959
7.78109 1.02263
3.66612 5.63371
1.87731 4.31249
10.5691 7.91181
8.42949 10.1027
2.04699 3.4034
7.06872 4.46966
2.75716 6.96428
0.638813 5.19686
0.940822 4.30633
1.62108 2.56575
0.211759 3.69867
5.58448 10.2953
8.15786 9.2045
3.78482 9.68475
2.77317 4.01636
8.94666 6.63063
9.19638 9.54164
1.10237 3.365
9.83014 6.25358
8.34401 2.89494
0.906779 1.93223
4.49987 9.05117
5.13914 6.73798
2.70644 5.18039
9.28791 3.14977
10.7744 1.82551
9.07325 2.19223
0.361119 8.64159
3.56234 8.73357
0.747631 0.957297
6.8468 0.78203
8.7167 1.2677
8.01 1.96246
9.30854 10.5124
10.0765 3.75178
8.92802 8.6044
8.88223 7.60285
4.91083 0.181541
7.35867 2.72648
10.2345 8.96057
9.84062 7.2524
7.00988 1.77061
10.7375 5.84347
6.94719 6.3451
5.22633 2.0845
8.03976 6.21698
2.06391 10.1208
8.00989 8.14299
10.572 0.837474
7.39866 5.40367
2.00164 6.32905
5.3426 4.90397
9.54434 0.673097
6.18941 8.43047
3.69598 6.62407
6.02329 1.40286
1.41738 7.20215
7.60274 7.17029
7.71566 3.70493
4.56653 4.19082
3.58445 4.63929
10.6393 4.63169
8.44925 0.269769
3.07694 10.402
2.54885 0.513466
6.54604 10.6284
3.45931 7.69296
6.21471 2.47283
4.62651 2.96585
3.38889 1.38277
3.6997 3.55794
10.2261 2.70531
3.64356 2.45546
1.48742 0.199397
0.195852 9.68179
5.50768 3.63731
7.19465 8.83757
6.16632 7.33798
1.65906 5.307
9.3349 4.51092
7.41139 9.93488
0.373456 10.7945
8.21526 4.68667
6.31261 5.40784
0.0349784 6.92095
1.45448 8.30624
0.922905 6.20391
2.5602 2.12016
6.31659 9.53653
1.7618 1.30282
6.62812 3.51451
8.93386 5.57765
0 76
0 38
0 71
0 75
1 57
1 8
1 124
1 31
2 14
2 73
2 22
2 30
3 102
3 32
3 64
3 57
4 93
4 113
4 112
4 89
5 87
5 13
5 58
5 20
6 60
6 118
6 94
6 115
7 29
7 99
7 49
8 21
8 57
8 89
9 59
9 36
9 86
9 42
9 90
10 121
10 12
10 29
10 82
11 123
11 40
11 108
11 106
12 121
12 63
12 110
12 24
13 36
13 90
14 99
14 26
14 100
14 105
15 101
15 73
15 91
16 69
16 28
16 117
16 84
17 120
17 92
17 38
17 121
17 63
18 96
18 95
18 36
18 87
19 101
19 116
19 66
19 98
20 119
20 58
20 79
20 113
21 58
21 32
21 113
22 80
22 91
23 126
23 111
23 41
23 87
23 119
24 117
24 110
24 82
24 109
25 42
25 121
25 29
26 99
26 49
26 31
26 73
27 115
27 97
27 127
27 78
27 54
28 52
28 75
28 69
28 110
29 64
30 105
30 80
30 108
31 57
31 47
32 90
32 58
32 102
33 56
33 107
33 53
34 88
34 62
34 61
35 66
35 98
35 68
35 67
36 96
36 90
37 40
37 44
37 50
37 114
38 120
38 76
38 63
39 48
39 52
39 116
39 69
39 98
40 53
40 45
40 50
41 126
41 94
41 85
42 86
42 90
42 102
43 97
43 44
43 78
43 114
43 122
44 53
44 46
45 56
45 123
45 53
46 53
46 97
46 70
47 124
47 101
47 73
48 112
48 71
48 116
49 64
49 57
49 99
50 106
50 96
51 127
51 81
51 54
51 72
52 71
52 69
54 78
54 76
55 68
55 74
55 60
55 94
56 65
56 61
56 125
57 64
59 96
59 114
60 62
60 107
60 70
61 84
61 107
62 67
63 75
63 110
64 102
65 117
65 84
65 109
65 125
66 101
66 91
66 77
67 98
67 88
67 68
68 77
68 74
69 98
69 88
70 107
70 115
70 97
71 83
71 72
72 83
72 76
74 77
74 126
74 94
75 110
76 120
77 91
77 103
78 122
78 120
79 85
79 93
80 91
80 104
80 103
81 85
81 127
81 93
82 99
82 109
83 93
83 112
84 117
84 88
85 118
85 119
86 114
86 122
86 92
87 95
87 119
89 113
89 112
91 103
92 122
92 121
94 126
94 118
95 106
95 96
95 111
96 106
99 100
100 109
100 125
101 124
101 116
103 126
104 108
104 106
104 111
105 123
105 108
106 108
108 123
109 125
110 117
111 126
112 124
112 116
115 118
115 127
118 127
120 122
123 125
