251 568 15.3346
2.581 12.048
3.6303 12.0227
3.00502 3.66647
13.3936 9.57063
7.3169 1.67077
8.45676 7.68891
10.9565 10.1275
4.01929 10.0094
14.8579 11.9985
14.2341 9.52618
7.03023 10.8658
0.0163788 3.30048
13.4669 7.07837
5.61837 3.53518
10.179 1.69052
4.05091 1.12748
12.9282 10.2757
6.32381 4.4665
4.12789 12.7046
3.47507 6.50082
1.19933 12.5125
8.99722 12.9095
12.8439 2.21644
12.6157 7.09146
14.9992 0.849586
11.4599 9.41877
9.6533 7.59725
11.6866 13.3428
6.7168 13.384
9.29806 3.84689
11.8363 15.0457
2.42955 9.88037
1.31859 14.5626
6.17256 6.28071
12.4205 5.74319
12.9189 14.8003
11.2373 11.7023
1.63386 0.0466749
9.07153 4.69593
9.90675 3.22125
15.0616 9.27536
1.79413 13.8218
0.389177 1.33296
3.27452 2.08558
7.00841 12.4391
6.11054 7.16594
1.48347 5.34022
14.0665 13.6716
6.91236 6.76532
5.71862 10.0374
14.9541 4.67792
0.446616 14.4296
8.77787 1.79324
13.0615 7.85479
7.59316 9.39187
13.962 5.54366
9.7905 11.0704
3.08879 11.3452
12.4214 0.388882
14.4115 0.184066
12.3503 9.35846
11.9599 2.20125
3.95809 10.8881
4.64485 13.4604
12.5735 13.2254
0.333055 4.11528
11.9496 6.50272
10.8327 15.2437
13.0562 8.76659
12.9185 12.1397
14.5905 3.75475
3.72598 13.5
12.102 1.28953
6.14772 10.8407
11.6814 3.86074
10.7039 10.9718
1.13032 0.795912
7.67022 0.255677
6.09941 12.432
6.43634 1.72371
10.0512 10.1869
14.9128 14.7398
10.5056 2.52681
12.2349 8.3386
13.1862 13.9246
4.14502 9.03999
0.909817 3.37857
14.6239 2.78568
4.66179 15.1228
6.9847 2.49627
3.15851 10.4241
4.22062 14.291
4.28926 8.09945
11.5014 0.565842
0.691291 11.7494
2.07684 0.853319
14.816 10.2133
6.29126 14.1961
5.89249 0.952347
7.47677 11.6421
0.136596 10.9594
7.17506 7.66091
6.11535 8.09478
10.515 5.65328
10.5252 13.5837
10.1441 8.37473
1.60967 7.32395
2.11029 3.62748
11.3716 2.93981
3.12365 12.7699
4.86378 9.66475
14.4977 12.8391
13.4779 12.9414
11.0045 6.49561
9.97856 4.4764
9.55338 13.7145
8.16675 14.7797
4.46552 6.02173
10.3182 11.8529
11.4969 5.65005
8.98687 6.95364
4.46781 5.04922
13.1177 5.12915
7.97918 2.29526
9.14707 14.6322
3.27231 9.46921
5.05683 8.6957
2.67141 2.81404
12.009 12.4552
13.2474 6.17997
5.30892 6.65657
3.32387 7.42025
7.62154 13.1583
9.73838 0.111128
13.8521 10.364
2.4164 8.93632
5.78149 13.3543
4.21756 2.04216
1.71405 11.734
9.53847 2.35779
1.54222 8.42139
1.6636 2.74844
10.4734 0.806731
3.29861 14.624
10.7212 3.69591
8.40676 11.2908
14.4911 11.1479
0.874031 13.5658
6.50618 5.38802
0.542436 6.14693
8.07697 1.14202
9.93063 12.7843
2.42589 7.90272
5.55019 11.6145
14.0932 1.10389
6.88399 0.845379
13.0806 1.30096
8.51505 6.0659
4.91394 0.741685
11.1899 14.3332
9.44652 1.09062
8.36737 4.04998
4.50744 11.6924
2.27335 14.6644
5.2046 7.68167
10.1646 14.5209
0.608363 8.87217
10.5056 9.30474
8.56791 9.40167
14.0309 8.60724
7.99935 8.50748
3.75597 0.220343
5.99542 9.10195
1.55602 6.31103
14.8683 1.80784
2.76284 13.728
12.212 14.1483
13.9061 12.0142
6.9537 8.65286
2.23919 10.8348
11.7288 7.47231
0.399553 2.42851
2.33195 1.83669
8.16933 5.08319
13.2419 11.1899
8.71974 0.312696
8.22768 12.3247
14.2825 7.58222
13.9757 4.54797
13.4176 0.299373
6.58037 3.53368
14.2381 6.49925
3.33316 8.44415
14.9406 5.67254
7.88835 6.91917
0.523843 5.09513
2.54316 4.56402
3.08213 1.05816
1.16134 10.8374
2.09695 12.8793
1.26263 1.78704
5.09447 12.5705
11.1455 1.62198
13.8986 14.6546
5.67162 15.29
7.32473 14.1643
12.985 4.09542
2.51519 6.77435
8.72428 3.0369
10.9832 12.6582
7.6389 3.28275
3.53603 5.51938
9.47938 5.59485
0.683067 7.79835
9.96564 6.58532
7.4452 5.90756
13.6994 3.2497
6.76313 15.1164
5.25342 14.273
13.8245 2.13886
10.6393 7.46899
2.43589 5.66494
12.1844 11.4118
12.1167 4.79014
10.9987 4.72442
15.0709 13.7201
5.95851 2.62532
4.96351 10.7089
5.24465 1.7695
1.50724 9.49716
3.64572 4.39823
5.43846 5.59478
7.87977 10.3595
3.72623 2.99932
4.85785 2.90367
9.26066 11.9416
0.482441 9.95895
6.72759 9.92417
11.1999 8.44995
1.33926 4.33556
4.31462 7.05621
5.33238 4.46657
9.02436 10.3952
8.49411 13.7756
9.09886 8.44358
11.9316 10.308
15.2268 7.0067
0.220613 12.6967
7.31807 4.37413
12.4228 3.12718
0.350729 0.113217
0 138
0 57
0 199
0 109
1 57
1 162
1 109
1 18
2 127
2 233
2 107
2 230
3 68
3 16
3 134
3 9
4 155
4 150
4 79
4 123
4 89
5 194
5 120
5 170
5 244
6 167
6 245
6 75
7 125
7 110
7 62
8 146
8 177
8 247
9 169
9 40
9 134
9 96
10 237
10 232
10 73
10 99
11 87
11 181
11 86
11 70
11 65
12 129
12 191
12 23
12 53
12 187
13 234
13 226
13 190
13 241
14 160
14 142
14 139
14 202
14 82
15 197
15 171
15 158
15 137
16 245
16 134
16 184
17 190
17 241
17 248
17 148
18 201
18 71
19 211
19 240
19 131
20 138
20 247
20 199
21 186
21 235
21 151
21 243
22 61
22 219
22 156
22 249
23 66
23 180
23 53
24 154
24 59
24 250
24 174
24 42
25 167
25 238
25 60
25 245
26 120
26 220
26 244
26 105
27 209
27 176
27 64
28 136
28 132
28 97
28 205
29 208
29 39
29 161
29 38
29 114
30 176
30 159
30 93
30 58
31 135
31 229
31 125
31 90
31 179
32 41
32 51
32 163
32 37
33 231
33 148
33 130
33 48
33 45
34 119
34 223
34 122
34 66
34 129
35 176
35 84
35 203
35 189
36 75
36 222
36 118
36 209
37 163
37 76
37 95
38 161
38 114
38 183
38 212
39 139
39 82
39 144
40 166
40 236
41 199
41 147
41 175
41 163
42 76
42 174
42 200
43 182
43 137
43 127
43 233
44 99
44 78
44 132
45 130
45 48
45 102
46 239
46 195
46 221
46 173
47 112
47 111
47 84
47 225
47 203
48 215
48 194
48 101
49 172
49 110
49 237
49 227
49 73
50 188
50 65
50 193
50 195
51 225
51 147
51 81
51 250
52 150
52 160
52 123
52 139
53 68
54 178
54 170
54 168
54 237
54 232
55 188
55 122
55 193
55 129
55 191
56 242
56 80
56 75
56 235
56 118
57 90
57 179
58 93
58 189
59 203
59 81
59 189
59 154
60 68
60 245
61 202
61 72
61 108
61 249
62 90
62 162
62 227
63 201
63 71
63 91
63 218
64 128
64 112
64 176
64 84
65 86
65 239
65 195
66 113
66 180
67 165
67 159
67 142
67 93
68 83
68 169
69 184
69 128
69 177
70 216
70 188
71 109
71 175
71 91
72 93
72 202
72 156
73 153
74 249
74 144
74 223
75 118
76 250
76 95
76 200
77 217
77 116
77 155
77 150
78 153
78 201
78 136
79 98
79 155
79 226
79 89
80 167
80 242
81 225
81 203
81 250
82 139
82 108
83 180
83 238
84 176
84 203
85 92
85 192
85 126
85 125
85 110
86 141
86 239
87 219
87 174
87 216
88 91
88 218
88 204
88 171
88 158
89 226
89 210
90 125
90 179
91 143
91 218
92 240
92 164
92 192
92 126
94 198
94 100
94 247
95 197
95 182
96 134
96 236
96 146
97 136
97 218
97 217
97 205
98 204
98 158
98 155
98 228
99 145
99 186
100 236
100 146
100 198
101 194
101 178
102 164
102 178
102 172
103 212
103 224
103 119
103 113
104 151
104 209
104 115
104 165
104 159
105 220
105 244
105 167
105 238
106 173
106 213
106 152
107 141
107 127
107 239
107 196
108 249
108 144
109 199
109 175
110 126
110 227
111 177
111 247
111 225
112 177
113 119
113 214
113 220
114 224
115 151
115 243
115 165
116 243
116 205
116 124
116 185
117 121
117 231
117 240
118 235
118 151
118 209
119 224
119 223
120 157
120 214
121 230
121 241
121 211
122 206
122 188
122 223
123 210
123 208
124 243
124 165
124 133
125 192
125 135
126 164
126 172
127 182
127 141
127 233
128 222
128 209
129 191
130 231
130 240
130 164
131 207
131 240
131 152
131 192
132 186
132 243
132 205
133 165
133 185
133 160
133 142
134 184
134 146
135 140
135 192
135 229
136 201
136 218
137 228
137 233
137 234
138 198
138 179
139 208
140 213
140 152
140 166
140 229
141 200
142 202
143 175
143 163
143 171
144 224
145 232
145 242
145 186
145 235
146 177
147 247
148 231
148 215
149 193
149 195
149 246
149 173
150 185
151 235
151 209
152 192
153 162
153 227
153 201
154 189
154 219
154 156
154 174
155 217
156 189
157 183
157 212
157 215
157 194
158 228
159 176
159 165
160 185
161 210
161 208
161 248
161 183
162 227
162 201
163 175
164 240
166 213
166 236
166 229
167 238
168 170
168 244
168 242
169 187
170 178
170 244
171 197
172 178
172 237
173 221
173 207
174 219
174 181
175 199
177 184
179 198
180 220
180 238
181 200
182 197
182 200
183 248
183 215
184 222
186 235
187 246
187 191
188 206
189 203
190 226
190 210
190 248
191 193
191 246
193 195
194 215
195 239
196 230
196 221
198 236
204 218
204 217
205 217
206 249
206 216
206 223
207 221
208 210
210 248
211 230
211 221
212 214
213 246
214 220
216 219
220 238
222 245
223 224
225 247
226 228
226 234
229 236
231 241
232 242
233 234
