126 285 10.8263
1.89881 5.98524
2.58756 7.6509
4.80883 9.35772
3.38355 7.40921
7.31343 8.60939
5.88944 9.68839
9.03004 6.22123
9.44013 5.48148
6.14765 7.18695
3.66588 5.34225
1.18895 6.42341
0.058699 8.06592
3.63121 4.48349
6.10211 3.46638
1.58921 0.0816948
4.69812 8.51181
1.18576 4.33036
10.5774 4.32122
2.08035 4.13594
9.19303 9.95563
0.681322 2.81388
0.467104 4.83459
1.68897 9.35907
3.94916 8.05683
0.0479256 1.05046
0.286129 10.1437
8.61152 10.7281
10.6185 2.82546
0.977432 5.56978
1.19137 10.1119
2.65498 9.24847
4.68667 0.147531
0.7057 0.10855
5.51963 2.79177
7.58195 10.445
7.35707 6.01315
8.30252 9.87145
1.066 8.25133
9.72166 2.65173
8.71066 4.96978
8.25917 5.79069
9.96221 0.922869
5.75632 1.88973
1.73788 7.4028
6.33598 6.31137
5.15657 10.1784
2.76143 4.75218
7.61395 5.10903
8.87191 8.07883
8.01636 3.26539
6.56802 9.105
2.13 10.1662
7.43631 9.5083
2.83182 2.06076
3.82151 1.91636
3.07924 8.40135
9.8315 8.06267
9.30609 1.79202
6.68378 10.1258
3.1033 10.0886
6.99448 4.36622
0.469644 3.72796
5.24022 0.927364
6.87494 0.266203
9.94921 6.25315
10.0202 3.5692
9.55793 10.8244
4.80017 1.83025
8.06894 4.24198
8.75522 2.62272
3.60149 0.183149
6.4553 2.55542
7.04052 3.37462
0.526031 1.88293
7.18922 1.43851
6.24415 1.04732
2.97339 3.80401
3.49022 6.48611
4.22608 0.996272
10.5629 0.134012
2.38849 2.9527
7.47006 2.43367
2.79651 5.73165
1.80984 5.05783
2.47368 6.72482
10.3191 1.85648
3.19745 1.12765
5.61809 8.78167
10.1557 9.99076
9.31203 8.98939
4.53397 2.82711
1.44744 3.39997
2.15374 1.30257
5.85785 0.0730031
8.95563 0.830522
9.62236 4.53533
6.50562 8.08377
5.36298 6.61839
8.2399 8.87061
8.25471 6.80571
2.0511 8.44378
7.88347 7.83391
6.6126 5.33191
4.14658 10.1212
1.11931 1.01456
9.3028 7.15067
2.5477 0.280628
3.46227 2.881
8.96638 3.66519
10.4075 7.19809
10.4079 5.30205
3.87292 9.06318
5.02388 3.80015
5.93873 4.44895
10.4087 8.93604
7.87704 0.604051
4.56743 4.83447
5.32323 7.72976
4.36416 7.12378
8.24829 1.67695
7.12704 7.01699
0.200761 6.24691
4.44859 5.97397
0.683954 9.20919
5.50146 5.5048
0.697976 7.288
0 83
0 82
0 10
0 84
1 84
1 43
1 55
1 3
1 100
2 111
2 15
2 45
3 77
3 23
4 96
4 101
4 50
4 98
4 52
5 87
5 50
5 45
5 58
6 40
6 7
6 99
6 105
6 64
7 95
7 39
7 110
7 64
8 97
8 120
8 44
8 117
8 96
9 12
9 82
9 122
10 28
10 121
10 125
11 109
11 125
11 114
12 76
12 46
12 116
13 33
13 72
13 113
14 29
14 51
14 32
14 106
15 23
15 117
15 111
15 87
16 91
16 61
16 21
16 83
17 65
17 95
17 61
17 110
17 21
18 91
18 76
18 46
18 83
19 89
19 36
19 66
19 88
20 73
20 27
20 91
20 61
21 110
21 28
22 123
22 100
22 29
22 51
23 118
23 55
23 111
24 79
24 41
24 85
24 73
25 123
25 88
25 29
25 32
26 36
26 66
26 115
26 94
27 65
27 38
28 83
28 121
29 123
29 51
30 55
30 100
30 59
31 103
31 45
31 78
31 62
32 79
32 104
33 42
33 90
33 71
34 52
34 58
34 36
34 63
34 115
35 102
35 47
35 40
35 120
36 98
36 52
37 125
37 123
37 100
38 57
38 85
38 69
38 65
39 68
39 95
39 40
40 47
40 99
41 94
41 79
41 85
42 75
42 67
42 71
43 84
43 125
44 102
44 97
45 103
45 93
46 76
46 83
46 82
47 60
47 68
47 102
48 105
48 101
48 56
48 98
48 89
49 72
49 81
49 69
49 68
49 108
50 96
50 87
50 52
51 59
51 106
52 98
52 58
53 86
53 92
53 80
53 107
54 86
54 78
54 67
54 107
55 100
55 111
56 109
56 114
57 94
57 119
57 85
57 69
58 63
59 103
60 72
60 113
60 102
61 91
62 78
62 75
62 67
63 93
63 75
63 115
64 110
64 109
64 121
65 108
65 95
66 88
66 94
66 79
67 78
67 90
68 108
69 119
69 108
70 103
70 106
70 86
70 78
71 72
71 81
72 81
73 104
73 85
74 75
74 115
74 119
74 81
75 93
76 80
76 107
77 82
77 122
77 84
77 118
78 86
79 88
80 91
80 107
81 119
82 84
86 106
86 92
87 117
88 114
89 98
89 114
90 107
90 112
92 104
92 106
94 115
94 119
95 108
95 110
97 122
97 124
97 118
97 117
98 101
99 105
99 101
101 120
102 113
102 124
103 111
105 109
109 121
109 125
110 121
112 113
112 116
113 124
114 123
115 119
116 122
116 124
117 118
118 122
121 125
122 124
