125 285 10.8374
0.947837 0.105852
7.06438 4.92438
5.10235 0.658835
2.92337 4.9323
3.33734 0.781341
5.65391 6.66071
8.78148 10.5054
1.5506 9.30198
0.244269 10.4994
4.91392 7.06436
10.209 4.52203
4.45671 2.40026
2.54514 1.08756
3.64204 4.47577
6.23458 2.97147
7.38216 8.48091
8.24783 8.588
6.45263 0.517361
6.17112 2.09966
3.97478 9.92243
2.52834 7.45618
8.42672 5.98258
4.6697 3.24346
7.53237 4.20852
3.86117 3.62396
1.35803 6.05359
0.793977 7.84975
4.65658 4.13477
7.29397 5.75964
9.10599 8.83413
2.65826 3.02942
6.88156 3.58263
9.83422 1.24241
2.73801 8.33468
1.05902 4.13489
9.22152 9.74301
10.7742 8.5301
3.41559 9.16725
8.33589 9.48549
9.73313 7.18088
4.22182 0.708757
0.838853 8.76562
10.8235 2.6312
7.90772 10.3213
8.87987 7.93233
3.66291 10.7854
4.06042 7.33344
8.86641 1.45582
1.73159 1.50185
2.72501 0.120908
2.91031 3.92975
1.6034 7.38145
10.664 1.68626
9.52684 3.93003
9.98018 3.074
6.35086 4.36687
3.04883 10.0449
1.04818 10.0546
1.86094 3.54506
4.74895 8.00478
10.3091 5.4335
2.46271 9.2515
7.89397 1.34967
9.99711 9.18353
6.23723 9.49853
0.713955 0.97947
5.83162 1.22138
5.37035 2.60041
8.48761 0.547174
8.15545 2.30264
3.6953 8.2368
3.57042 2.71181
2.10396 4.50938
4.87675 1.56003
0.286164 4.735
4.63979 10.6539
9.55637 2.1706
4.275 6.36096
3.50461 5.66176
0.435831 5.75782
2.04934 10.2128
2.1707 6.55479
5.41267 4.75625
7.71729 6.64132
1.75557 8.37515
1.79382 0.496148
1.25829 5.09767
7.91822 7.67466
7.8276 3.28299
9.84461 8.17352
6.72232 10.4138
10.6921 7.53553
9.4925 0.31369
6.86082 1.40281
1.80265 2.5192
4.39348 5.08851
2.76281 2.0347
5.23084 9.77469
8.51988 4.1102
5.69587 10.7437
8.75372 6.91934
5.55993 3.68955
5.71722 7.62489
8.02487 5.07779
5.19592 5.81371
10.7861 3.72453
10.4639 6.46904
0.153027 9.52417
7.09842 2.47473
5.52976 8.71347
0.890163 3.13547
6.2493 5.45771
7.43706 0.402404
9.43159 6.02958
0.822 2.02232
3.7996 1.65369
6.82388 7.65412
7.3029 9.4757
4.4346 9.01728
10.5801 0.526495
10.1217 10.2481
6.62785 6.53268
3.23514 6.71656
0.701649 6.82672
8.91868 3.06067
0 57
0 8
0 65
0 85
1 55
1 23
1 111
1 103
1 28
2 99
2 40
2 73
2 66
3 72
3 13
3 78
4 45
4 49
4 12
4 40
4 115
5 104
5 9
5 121
5 102
6 43
6 35
6 92
6 68
7 84
7 41
7 61
7 57
8 107
8 120
8 57
8 119
9 77
9 46
9 102
10 53
10 105
10 74
10 60
11 115
11 73
11 71
11 22
11 67
12 85
12 48
12 96
13 50
13 24
13 95
14 18
14 67
14 108
14 31
14 101
15 116
15 87
15 117
15 16
16 87
16 44
16 38
16 29
17 99
17 90
17 112
17 66
17 93
18 66
18 93
18 67
18 108
19 118
19 56
19 45
20 81
20 122
20 51
20 33
21 103
21 83
21 113
21 100
22 67
22 27
22 24
22 101
23 31
23 88
23 98
23 103
24 71
25 79
25 86
25 123
25 81
26 123
26 91
26 51
26 41
27 82
27 95
28 103
28 121
28 83
29 44
29 89
29 63
29 35
30 96
30 94
30 58
30 71
30 50
31 88
31 55
32 92
32 119
32 76
32 52
33 84
33 70
33 61
34 110
34 74
34 86
35 38
35 63
35 120
36 91
36 89
36 107
36 41
37 70
37 61
37 118
37 56
38 117
38 43
39 100
39 106
39 89
40 75
40 45
40 115
41 84
41 107
42 52
42 114
42 54
42 110
43 117
43 112
44 100
44 87
44 89
45 56
45 75
45 49
46 122
46 77
46 70
46 59
47 68
47 62
47 76
48 85
48 114
48 94
49 80
49 56
49 85
50 72
51 123
51 81
51 84
52 114
53 124
53 54
53 98
54 76
54 124
54 105
55 101
55 82
56 61
56 80
57 107
57 80
58 110
58 94
58 72
59 102
59 118
59 109
60 79
60 113
60 106
62 112
62 68
62 93
62 69
63 89
63 107
63 120
64 109
64 117
64 97
64 90
65 119
65 114
66 73
66 93
68 112
68 92
69 108
69 88
69 124
70 118
71 96
71 115
72 86
73 115
74 105
74 79
74 86
75 99
75 97
76 124
77 78
77 104
77 122
78 95
78 122
79 86
79 106
79 123
81 122
82 101
82 95
82 104
82 111
83 121
83 100
83 87
87 116
88 108
88 124
88 98
89 91
90 117
90 99
90 112
91 106
91 123
92 120
92 119
93 108
94 114
94 96
94 110
95 104
96 115
97 118
97 109
97 99
98 124
98 103
100 113
102 116
102 109
104 111
105 110
106 113
106 123
107 120
109 118
110 114
111 121
116 121
