128 285 10.9155
2.40432 4.33953
8.64165 10.015
9.7871 1.27231
3.75434 5.71273
2.39237 6.94047
9.58807 8.34307
7.17097 5.19292
6.1842 1.79309
8.25088 3.59743
0.867254 9.8347
10.0013 7.42597
4.69625 2.77227
1.26642 2.48052
1.57952 4.19181
3.34091 1.0139
10.4418 8.4217
7.63143 6.43641
0.933727 7.64811
5.35404 10.1782
8.86836 10.8424
10.5333 6.73698
5.30673 8.81799
8.82143 2.94725
9.09627 3.79679
4.32439 7.48402
3.96107 0.390396
10.0492 9.21274
0.814901 5.09652
1.06123 5.96658
4.08155 6.51783
5.81373 4.32829
2.46803 1.17079
10.6636 1.233
7.29589 1.88024
5.79188 0.0428134
8.93505 5.75399
1.51709 6.97583
1.30713 3.35239
4.20332 1.26785
5.9247 7.04884
5.86305 0.965257
6.77922 1.12632
5.05187 4.82291
3.06805 1.87779
1.96687 6.16361
2.62925 9.8528
8.53073 6.59359
8.19361 1.63455
6.26429 10.145
10.862 0.32918
2.48852 7.83208
8.72545 4.8387
4.51479 10.5574
4.15794 3.51092
8.03074 9.35373
10.6002 10.3334
7.12524 9.7088
7.99808 5.58312
6.65623 2.57368
0.0416113 9.43887
9.86749 5.5609
3.98153 2.19385
6.20639 5.19246
0.0967756 5.93146
6.75518 4.36984
0.576968 6.78863
2.26639 3.43714
1.85065 10.4385
4.98907 6.8008
10.4461 3.87978
10.9109 7.60697
2.55467 8.87194
6.18714 3.45042
6.89057 7.0534
1.71578 9.44259
2.95302 6.19307
7.94243 2.59391
3.37567 8.27163
6.76452 6.03798
0.824344 10.7762
0.692852 0.976525
9.6823 4.56223
0.161312 3.06686
5.16266 3.60216
5.72427 6.08353
2.22394 2.41191
3.27857 4.00688
5.12637 1.63917
8.33914 8.38809
5.63269 2.57225
1.63713 0.521821
7.70986 0.746975
4.39558 8.46645
10.233 2.1163
2.64892 0.196301
8.8989 0.907446
4.71315 5.76404
6.35683 7.9624
1.56314 1.57546
9.06436 9.15658
7.78656 4.44563
4.93669 0.576042
9.78804 3.08461
9.55856 6.55163
0.507421 8.52858
9.59762 10.1074
9.15073 2.00671
4.61512 9.52906
3.48669 10.4287
5.26886 7.82329
4.03542 4.77636
0.402311 2.01173
6.25797 9.11129
7.88697 7.40458
2.97205 5.12352
6.81266 0.105786
1.60675 8.37897
3.52573 9.32438
7.83802 10.5663
9.81637 0.286298
1.83629 5.14691
3.20272 2.91443
7.26909 3.44049
9.01212 7.52749
3.34081 7.20497
7.26779 8.60861
10.7157 4.91856
0.58395 4.08831
0 66
0 13
0 86
0 120
0 114
1 54
1 99
1 118
1 105
1 19
2 95
2 119
2 106
2 93
2 32
3 110
3 114
3 96
3 75
3 29
4 44
4 36
4 124
4 75
4 50
5 123
5 15
5 99
6 64
6 100
6 78
6 57
7 40
7 41
7 89
7 58
8 122
8 22
8 100
8 23
9 59
9 74
9 79
10 103
10 20
10 123
10 70
11 61
11 53
11 89
11 83
12 111
12 98
12 85
12 37
13 37
13 127
13 120
14 31
14 25
14 43
14 38
15 70
15 26
15 104
16 78
16 57
16 46
16 113
17 65
17 36
17 70
17 116
17 104
18 107
18 52
18 48
18 34
19 95
19 119
20 63
20 103
20 70
21 92
21 109
21 107
21 112
22 106
22 76
22 102
23 102
23 81
24 124
24 68
24 92
24 109
25 108
25 52
25 101
25 38
26 99
26 59
26 105
27 127
27 126
27 28
27 120
28 65
28 44
29 96
29 124
29 68
30 83
30 72
30 42
30 64
30 62
31 94
31 98
31 43
32 49
32 80
32 93
32 111
33 41
33 47
33 58
33 76
34 48
34 101
34 40
34 115
35 51
35 57
35 60
35 103
35 46
36 65
36 44
37 66
37 127
38 101
38 61
38 87
39 84
39 68
39 73
39 109
39 97
40 101
40 41
40 87
41 115
41 91
42 110
42 96
43 85
43 61
43 121
44 120
44 75
45 117
45 71
45 67
45 108
46 103
46 113
46 123
47 91
47 95
47 106
47 76
48 112
48 56
48 115
49 55
49 79
49 119
49 80
50 124
50 116
50 77
51 100
51 81
52 107
52 108
52 101
53 83
53 86
54 88
54 125
54 56
55 59
55 105
56 112
58 89
58 122
58 72
59 104
60 81
60 126
60 103
61 121
62 64
62 78
62 84
63 126
63 65
64 122
64 100
65 70
66 85
66 121
67 74
67 90
67 94
68 84
68 109
69 102
69 82
69 81
69 127
69 126
70 104
71 116
71 77
71 74
71 117
72 89
72 83
72 122
73 78
73 97
73 113
74 116
75 114
75 124
76 122
77 124
77 92
77 117
78 84
79 90
80 90
80 111
80 98
81 126
82 111
82 127
84 96
85 98
85 121
86 121
86 110
87 101
87 89
88 113
88 123
88 125
88 99
90 94
90 98
91 118
91 115
92 109
92 107
93 106
93 111
93 102
94 108
95 119
97 109
97 125
99 105
103 123
104 116
105 119
107 117
108 117
110 114
112 125
113 123
114 120
115 118
126 127
