62 136 7.72427
5.84327 2.60616
4.31822 4.85955
1.78621 6.32309
5.98151 1.78089
2.10006 7.43149
7.50527 4.90036
0.0961558 1.02847
3.47272 4.9165
7.03249 0.678789
4.07856 1.29014
4.66 0.643102
0.995561 5.98291
5.26719 1.28589
6.15875 7.22712
2.56997 6.69269
0.114543 1.91163
5.87603 5.15417
3.4685 0.630879
4.6121 4.04089
0.241165 4.13418
2.73382 2.36522
0.0403183 6.81699
3.04536 1.47075
2.50241 3.81914
7.04824 7.49149
3.97471 5.68554
3.04919 7.50305
1.06826 2.45352
4.22871 3.18228
7.19367 3.56896
3.24256 3.18856
2.55526 4.78632
6.81884 2.64394
5.2163 3.28178
6.20892 3.45091
0.163034 2.86577
1.75219 5.39377
5.56215 4.2393
6.81967 6.52765
6.90813 1.62466
6.77807 5.50779
0.0445635 5.82055
4.97553 5.53182
1.62404 4.35504
2.04691 1.64301
2.89572 5.75689
1.94653 2.97587
1.00515 3.48464
3.55254 6.6087
0.293868 0.0764488
0.992095 1.42152
0.758994 5.01159
4.09407 7.55235
2.4494 0.629794
5.21057 7.543
6.61801 4.44408
1.06518 6.99468
4.65715 6.57051
1.35979 0.370239
6.0291 0.603577
4.9158 2.24614
3.76181 2.24172
0 60
0 3
0 34
0 33
1 7
1 18
1 42
1 25
2 11
2 36
2 56
2 14
3 12
3 39
4 14
4 58
4 53
5 51
5 19
5 40
5 41
6 8
6 49
6 50
6 15
7 31
7 25
8 24
8 59
8 39
9 17
9 10
9 61
10 52
10 54
10 12
11 51
11 41
11 36
11 56
12 59
12 60
13 54
13 38
13 24
14 45
14 48
14 26
15 39
15 50
15 35
16 37
16 55
16 42
16 40
17 26
17 52
17 53
17 22
18 28
18 33
18 37
19 29
19 47
19 51
20 44
20 61
20 22
20 46
20 30
21 41
21 38
21 56
21 49
22 53
22 44
22 61
23 46
23 30
23 31
24 38
24 49
25 42
25 48
26 48
26 52
26 53
27 50
27 47
27 35
27 46
28 61
28 30
28 33
29 34
29 32
29 35
29 55
30 61
31 43
31 36
31 45
32 39
32 34
33 60
33 34
33 37
34 37
34 55
35 47
36 51
36 43
37 55
38 40
40 55
40 41
41 51
42 57
43 47
43 51
44 53
44 50
45 48
46 47
48 57
48 52
49 56
49 58
50 58
52 57
52 54
53 58
54 57
54 59
56 58
60 61
