64 143 7.7098
6.78094 6.88092
4.32508 3.21693
1.75011 0.894234
1.68004 1.95109
2.52818 0.562303
0.616504 2.30157
5.43592 5.11352
3.26266 1.00403
4.90025 0.920921
3.10217 5.9551
3.18418 0.00310013
1.20273 6.95105
2.83867 3.80272
4.09892 2.38443
0.93986 4.71152
3.93549 6.25052
1.3587 2.77098
5.49507 1.58896
1.96904 6.47112
6.24607 2.12662
3.3235 1.90005
3.91351 7.1678
2.01986 3.41267
0.255396 5.33921
4.74425 6.70799
4.16272 1.46069
0.193008 4.15863
7.03467 2.65896
2.94199 4.72989
2.84732 6.84624
2.4606 1.46908
7.54519 1.81942
4.62468 4.68985
3.42099 3.05266
1.1953 5.62998
4.73154 5.7215
5.93395 7.25561
6.30686 5.42608
6.70787 1.2636
6.79825 0.103308
0.204857 3.15296
4.9891 7.67285
1.08499 3.71817
3.79222 5.27998
7.1464 6.01053
7.11969 4.78784
2.02638 7.46608
4.05284 0.450226
0.0411256 7.35217
5.64881 6.24242
0.438446 6.34495
6.99388 3.69222
0.901199 1.36736
2.23712 5.49797
6.05142 3.12791
3.80428 4.04364
5.13146 3.76008
5.10014 2.53671
5.85055 0.621344
2.49849 2.51518
1.92084 4.43561
7.67069 0.755147
6.09531 4.35614
0.994548 0.23924
0 44
0 36
0 39
1 13
1 33
1 56
1 55
2 63
2 4
2 52
2 30
3 52
3 59
3 30
3 16
4 46
4 10
4 7
4 30
5 31
5 52
5 40
5 16
6 32
6 62
6 35
6 37
7 47
7 30
7 20
8 41
8 47
8 58
8 25
8 17
9 53
9 43
9 15
9 29
10 29
10 21
10 47
11 50
11 46
11 18
11 63
12 22
12 33
12 55
12 28
13 20
13 57
13 25
13 33
14 26
14 60
14 34
14 23
15 43
15 35
15 24
15 21
16 42
16 22
17 58
17 57
17 19
18 53
18 46
18 29
19 38
19 54
19 27
20 59
20 30
20 25
21 24
21 47
22 59
22 42
22 60
23 45
23 50
23 34
24 35
24 49
24 41
25 47
26 51
26 42
26 40
26 45
27 31
27 51
27 40
28 60
28 53
28 43
29 46
30 59
31 61
31 38
32 56
32 55
32 43
33 59
33 55
34 50
34 53
35 43
35 49
36 49
36 41
36 58
36 39
37 62
37 45
37 49
37 44
38 58
38 61
39 48
39 58
39 61
40 51
40 42
41 47
41 58
42 60
44 50
45 62
48 50
48 61
48 63
51 54
51 62
52 61
52 63
53 60
54 57
54 56
56 62
61 63
