64 141 7.71908
6.93015 6.01196
1.69775 4.20754
1.08242 0.804067
3.36913 5.78531
1.03324 7.68315
4.14313 0.706688
2.75696 6.37903
2.5452 5.54248
1.05685 1.65453
1.72477 7.16915
7.05449 0.0234547
2.55518 4.15147
5.68879 4.71018
6.31346 6.7151
6.32549 2.83886
0.183044 7.46194
1.78465 5.07855
0.0730195 6.13344
0.209616 0.657103
1.7203 2.46865
7.21457 6.85048
3.73252 2.63218
5.18266 0.516361
3.47176 0.111717
4.65651 2.44068
7.02502 0.939851
1.29023 3.40468
4.353 3.34875
0.322305 3.48867
5.13116 5.45628
2.25656 3.26603
3.93441 4.22375
6.04414 5.80878
2.65277 7.30527
4.93099 4.1481
5.37263 6.86792
3.17676 4.86483
3.24275 3.48505
2.91071 0.923769
3.56753 6.84759
7.62654 5.17301
6.61561 4.96198
7.31673 4.18239
6.02058 1.06951
7.30864 2.78917
4.14542 5.23029
0.852562 6.73873
0.720137 2.55789
4.77003 1.43479
3.70282 1.62035
6.69759 1.90874
2.01789 1.49671
0.895668 5.55701
5.37625 3.18391
1.97517 0.402482
5.62998 2.10265
6.0567 7.69315
4.4786 6.27944
1.79281 6.17907
0.057327 1.67545
2.75059 2.32538
0.73748 4.4544
6.2688 3.86859
4.46672 7.46773
0 32
0 17
0 20
1 26
1 61
1 16
1 11
2 4
2 18
2 54
2 8
3 7
3 6
3 45
4 46
4 15
4 9
5 63
5 23
5 48
6 58
6 7
6 39
6 33
7 16
7 36
7 58
8 59
8 47
8 51
9 58
9 46
9 33
9 54
10 56
10 20
10 15
10 25
11 30
11 37
11 36
12 34
12 62
12 41
12 29
13 32
13 56
13 35
13 20
14 55
14 50
14 53
14 44
14 62
15 20
15 46
15 18
16 52
17 40
17 52
17 20
17 46
18 25
18 59
19 47
19 51
19 60
19 30
21 60
21 49
21 24
21 37
21 27
22 63
22 56
22 43
22 48
23 39
23 33
23 63
23 38
24 48
24 55
24 27
24 53
25 43
25 50
25 59
26 47
26 28
26 30
27 53
27 34
27 31
28 47
28 44
28 42
28 61
29 57
29 45
29 32
30 60
30 37
31 37
31 36
31 34
31 45
32 41
33 39
33 54
34 53
35 57
35 63
35 56
36 45
38 54
38 51
38 49
39 57
39 63
40 42
40 41
40 61
40 52
41 42
42 62
43 50
44 50
45 57
46 58
47 59
48 49
48 55
50 55
50 59
51 54
51 60
52 61
52 58
53 55
53 62
