63 140 7.69349
4.41861 6.36791
6.22776 4.31296
6.71758 2.74209
2.51117 2.211
7.42138 2.28546
3.99141 2.38854
2.4191 3.06002
3.83449 3.58784
1.61103 4.92254
6.70059 3.59997
3.28174 2.90053
4.7349 0.255025
7.44029 1.42137
5.73362 1.80244
1.53968 3.01671
7.48957 3.16529
2.87234 7.5197
6.6414 1.85968
5.94886 6.79523
7.10478 0.590326
0.641169 1.58822
2.64759 6.61231
3.58646 6.66325
5.53236 3.75975
2.01806 0.2246
5.24335 1.01933
4.8134 1.98221
1.07107 5.66615
3.23812 0.707538
6.60779 7.47306
1.34457 0.936546
5.67595 0.132578
7.18289 6.52683
5.02277 7.05131
6.22485 0.980959
2.55129 4.83395
6.87059 4.97159
3.84523 7.60845
0.67183 4.74642
3.31413 1.72026
5.30204 6.05352
2.92079 3.8655
7.62796 7.45972
1.66151 6.75704
7.50489 4.1506
2.08703 5.77453
3.585 4.6796
5.76705 2.78082
6.35612 5.88113
1.56095 2.01506
0.789883 3.68905
0.636887 2.60553
1.85521 3.96855
0.0252336 5.60521
2.34612 1.24047
1.01053 7.63448
4.20827 1.11904
3.18686 5.70635
5.50205 4.97862
4.70734 3.09346
4.43239 5.38605
0.571693 6.58753
4.60776 4.24712
0 60
0 40
0 22
0 33
1 23
1 9
1 58
1 36
2 17
2 4
2 47
2 15
2 9
3 54
3 49
3 39
3 6
4 17
4 12
4 15
4 51
5 39
5 26
5 10
5 59
6 14
6 10
6 41
7 10
7 59
7 41
7 62
8 38
8 52
8 35
8 27
8 45
9 15
9 44
11 37
11 33
11 56
11 31
11 25
12 19
12 17
12 20
13 34
13 25
13 26
13 17
13 47
14 49
14 51
14 50
14 52
15 51
15 44
16 37
16 21
16 24
16 28
17 34
18 48
18 40
18 33
18 29
19 42
19 29
19 34
20 30
20 49
20 51
21 45
21 43
21 22
22 57
22 37
23 47
23 62
24 55
24 30
25 56
25 34
25 31
26 56
27 38
27 53
27 45
27 61
28 37
28 54
28 56
28 39
29 42
29 31
30 55
30 54
31 34
32 48
32 42
32 61
35 46
35 41
35 45
35 57
36 44
36 48
36 53
38 50
38 44
38 53
39 54
39 56
40 58
40 60
40 48
41 52
41 46
42 61
42 55
43 45
43 61
43 55
44 50
45 57
46 62
46 57
46 60
47 59
49 54
49 51
50 51
50 52
53 61
55 61
58 62
58 60
59 62
60 62
