252 575 15.3361
6.16754 2.85105
11.8371 2.27127
14.5555 5.90313
0.0242931 7.60611
2.35812 2.79863
3.40467 3.68834
5.05595 3.92646
3.39731 13.7933
2.02514 1.35948
1.83434 5.45519
5.42375 0.425827
6.83466 14.8479
3.34257 5.67516
1.01568 4.15136
3.31442 12.9545
2.63901 5.20347
1.38832 15.1342
7.4289 10.8352
6.96155 7.83729
14.9371 0.625302
5.30963 7.21647
7.20745 5.52064
6.21222 13.1747
7.00778 2.94714
13.5152 11.8669
6.02409 12.2145
1.79321 2.17768
7.54872 15.3132
2.95366 4.40902
4.447 11.4498
8.87263 2.38741
11.5432 7.03092
12.6689 2.07968
14.5767 1.87945
3.20371 2.85758
15.1993 12.8697
9.15739 5.20565
14.9093 3.56154
4.44107 12.3203
5.86732 3.64976
10.7987 13.1254
11.6887 5.33585
3.68568 2.12435
7.47705 7.14495
13.3894 10.0373
1.52425 0.656713
5.21081 11.8797
14.9999 9.83489
13.4804 7.46896
8.64531 3.23392
6.00581 15.1175
6.70051 4.80717
12.7278 5.18853
5.57173 10.0681
2.53482 3.63791
11.0369 6.2993
3.44496 9.98656
1.82648 6.96087
5.11794 14.9414
5.27722 5.51151
15.2108 5.33269
4.73378 6.5534
11.8947 7.85341
3.57213 9.08283
1.35073 6.1822
6.18949 5.55209
0.46622 9.41931
12.6823 3.80926
13.3039 0.303983
12.4173 2.92879
7.5437 4.46854
3.71159 4.87038
0.966456 2.51748
2.55843 13.5073
4.19235 4.08493
5.19052 8.09101
12.5083 15.1836
9.26078 8.72817
12.099 4.52474
8.99626 13.1323
14.2891 14.3789
13.4171 14.7247
11.7765 0.423563
12.7904 8.10314
0.676207 14.5937
8.39095 7.05628
14.048 3.85858
10.7939 0.123233
9.72886 12.5458
9.35762 7.07273
10.0555 0.945382
8.45908 9.99949
13.3319 4.4829
12.9118 6.09605
9.41404 1.65122
0.418803 6.0864
10.3541 1.84616
14.2494 10.3817
10.638 5.46503
15.1916 14.1095
14.4854 13.4511
11.9621 6.21119
4.52489 0.330139
7.62343 14.4082
8.84876 7.88461
12.4592 13.1253
9.13136 0.727224
15.1884 15.0789
8.17723 0.629247
13.4768 10.9584
4.79548 10.6007
9.3787 10.6393
2.25756 0.0836648
11.6002 10.6156
4.39122 8.61076
12.5003 11.002
6.21783 7.30845
2.63358 11.4969
1.64153 12.0276
1.74447 10.0126
4.9731 1.22416
9.36399 9.66735
11.5781 11.6049
7.87535 7.99688
8.46943 13.9307
5.62286 2.11982
2.52395 12.482
9.4436 3.73345
3.53511 12.0572
13.0862 9.14834
14.4664 4.73241
14.3412 12.4784
5.17744 3.01118
13.3787 12.7766
5.68886 6.373
14.3714 2.79819
7.39693 1.22767
4.62713 2.16236
13.7294 8.3825
7.74267 3.5225
0.499717 3.37136
13.5418 13.7602
6.57579 10.4489
6.7874 3.85829
2.62195 10.4923
13.0568 1.22179
9.8106 15.3317
11.6058 12.6161
15.3303 2.46197
0.0693519 1.43456
1.74242 11.0225
7.71534 11.8734
12.0493 1.36567
2.7447 1.9598
7.84646 2.50374
8.3504 1.60335
14.2246 0.0167948
11.6012 13.6474
0.758422 12.5279
5.98534 1.17833
9.37066 14.4028
6.33049 9.45669
14.3602 11.4557
1.49939 7.8801
9.76788 11.56
14.0816 1.05239
10.7027 11.0855
7.8178 6.25053
7.08667 13.5708
6.719 0.450057
14.9905 6.7381
14.4301 7.63085
10.2633 10.1439
6.92895 12.5452
9.91657 13.5191
1.092 1.52843
1.66856 13.0565
10.9698 2.64594
13.3861 3.11172
10.585 7.16646
3.50069 8.09993
0.0944051 4.37244
13.6341 2.07787
2.45556 8.3129
4.14621 3.08593
9.8699 7.94609
0.794362 10.3511
11.0427 1.10579
0.557582 0.488654
6.15457 8.37112
4.30335 5.66499
15.1745 10.805
5.71846 11.0458
11.0928 4.55895
5.13485 13.949
6.18848 14.1435
4.38003 7.49082
3.93731 1.17126
0.726081 13.5804
13.8359 6.54281
5.72467 4.62336
10.6638 12.1474
7.45029 9.86152
4.38743 9.65814
12.3961 9.94368
8.52808 4.22607
2.87828 0.911791
8.17264 5.25613
8.4805 14.9827
9.98722 6.26097
8.88803 6.15804
14.1237 9.35803
2.75345 14.5111
6.70955 11.4992
13.7003 5.44628
5.27821 12.8683
4.15017 14.4178
1.56452 3.34712
5.32495 9.09289
10.2275 9.06218
2.7895 7.27397
6.75107 6.40375
8.27339 8.98152
12.5515 14.1625
0.558665 8.41341
0.814257 7.04488
7.17471 8.79295
12.0703 8.85269
3.56688 10.9935
4.24322 13.2991
1.54148 8.97057
10.4962 3.63275
6.6805 2.01173
10.9448 8.20741
2.49577 6.18901
9.98758 4.64737
10.4606 14.4676
9.81095 2.73244
1.95181 4.47445
0.741891 11.4504
8.77537 12.1193
3.70205 6.60428
12.5397 12.069
8.40488 11.0405
3.51862 0.00576063
0.890884 5.14451
2.60174 9.40343
12.5545 7.07749
11.5665 14.7394
1.67769 14.1703
11.2284 9.61302
11.6327 3.58543
0 125
0 232
0 23
0 39
1 152
1 32
1 177
1 69
2 214
2 60
2 199
2 170
3 170
3 225
3 171
3 224
4 26
4 153
4 217
4 34
4 54
5 34
5 184
5 54
5 28
5 74
6 132
6 74
6 200
6 39
7 14
7 73
7 229
7 212
7 216
8 45
8 206
8 175
8 26
8 153
9 238
9 245
9 15
9 64
9 234
10 58
10 50
10 102
10 159
10 120
11 195
11 50
11 103
11 27
11 169
12 15
12 190
12 71
12 234
12 241
13 140
13 217
13 181
13 238
13 245
14 128
14 126
14 229
15 238
15 28
15 234
16 84
16 249
16 112
16 45
17 142
17 202
17 213
17 243
18 116
18 123
18 43
18 189
18 226
19 107
19 165
19 156
19 188
19 149
20 134
20 61
20 196
20 75
20 116
21 51
21 221
21 167
22 215
22 173
22 195
22 168
23 232
23 154
23 139
23 143
24 109
24 162
24 242
24 133
25 213
25 215
25 46
25 173
26 175
26 72
27 103
27 208
27 169
27 108
28 238
28 54
28 71
29 110
29 228
29 38
29 46
30 155
30 94
30 49
30 237
31 55
31 247
31 101
31 179
31 62
32 152
32 182
32 145
32 69
33 165
33 182
33 149
33 148
33 135
34 42
34 184
35 131
35 158
35 100
36 235
36 207
36 210
37 135
37 140
37 86
37 181
38 128
38 215
38 46
38 229
39 132
39 200
39 143
40 201
40 147
40 174
40 157
41 193
41 78
41 101
42 197
42 153
42 137
43 167
43 85
43 123
44 211
44 129
44 204
44 97
44 109
45 188
45 112
45 175
46 192
46 215
47 211
47 66
47 97
47 191
48 247
48 199
48 171
48 138
49 139
49 205
49 127
50 195
50 58
50 169
51 200
51 143
51 70
51 65
52 78
52 92
52 214
52 93
53 218
53 110
53 161
53 192
54 217
54 238
55 98
55 101
55 179
56 246
56 63
56 144
56 203
56 228
57 225
57 64
57 234
57 163
57 220
58 194
58 102
59 200
59 190
59 65
59 134
60 181
60 130
60 245
60 95
61 190
61 241
61 196
62 247
62 233
62 83
62 227
63 180
63 246
63 114
63 203
64 225
64 95
65 134
65 221
66 224
66 186
67 69
67 178
67 78
67 92
68 76
68 81
68 156
68 145
69 178
69 251
70 139
70 143
70 205
70 207
71 74
71 190
72 175
72 148
72 140
72 217
73 176
73 212
74 184
75 196
75 114
75 218
75 189
76 248
76 223
76 82
77 104
77 185
77 222
77 219
77 121
78 251
78 193
79 240
79 88
79 124
79 174
80 141
80 100
80 99
80 81
80 156
81 141
81 223
82 248
82 187
82 152
83 247
83 227
83 138
84 99
84 198
84 107
85 167
85 210
85 104
86 178
86 92
86 130
87 236
87 248
87 187
88 164
88 240
88 201
88 174
89 210
89 209
89 104
89 185
90 146
90 106
90 187
90 94
90 96
91 222
91 202
91 121
91 243
92 214
93 214
93 247
93 101
93 199
94 106
94 96
95 245
95 170
95 225
96 187
96 237
96 177
97 211
97 109
97 191
98 235
98 193
98 209
99 100
99 198
99 107
100 131
100 141
101 247
102 244
102 197
103 168
103 124
103 208
104 123
104 185
105 147
105 242
105 133
105 157
105 223
106 146
106 108
107 156
107 188
108 208
108 136
108 155
109 115
109 162
110 203
110 192
111 121
111 172
111 243
111 164
112 212
112 206
113 250
113 204
113 166
113 122
113 115
114 180
114 218
115 242
116 221
117 144
117 150
117 228
117 126
118 239
118 150
118 158
118 126
118 176
119 230
119 246
119 186
119 144
119 150
120 197
120 159
120 137
121 219
121 172
122 166
122 147
122 242
123 226
123 222
124 208
124 160
125 159
125 137
125 232
125 132
126 176
127 237
127 205
127 235
127 231
128 228
129 227
129 211
129 138
129 204
130 181
130 214
131 162
131 133
132 137
132 184
133 141
134 221
135 182
135 178
135 148
136 169
136 232
136 155
137 184
138 171
138 211
139 154
139 143
139 205
140 217
141 223
142 161
142 202
142 192
142 213
144 246
144 150
144 228
145 165
145 152
145 182
146 160
146 236
147 201
147 242
147 157
148 149
149 175
150 239
151 213
151 243
151 173
151 240
152 187
153 206
154 155
156 165
157 248
157 223
158 239
158 198
158 176
159 169
159 232
160 174
160 208
160 236
161 218
161 226
162 191
163 225
163 224
163 230
163 183
164 166
164 201
166 172
166 201
167 207
167 221
167 210
168 173
168 195
170 171
172 219
172 250
173 213
174 236
176 198
176 249
177 231
178 182
179 209
179 185
179 233
180 220
180 196
180 183
181 245
183 220
183 246
185 233
186 191
186 239
189 218
189 226
190 241
191 239
192 213
193 235
193 231
193 251
194 215
194 229
194 195
194 216
196 241
197 206
198 249
199 214
202 226
203 218
205 207
206 244
209 210
212 249
212 244
215 229
216 229
216 244
219 233
219 250
220 234
220 241
222 226
223 248
224 230
227 250
230 246
231 237
231 235
231 251
236 248
240 243
