255 572 15.3311
2.6099 0.278145
11.7114 7.38852
9.02556 0.968213
3.59777 13.1879
4.75027 6.59882
1.79094 0.856014
5.08145 10.1356
2.01477 6.05404
3.59546 10.5676
8.6645 8.9303
0.293904 6.06191
8.71327 0.169013
12.9312 8.83112
1.94281 1.69974
7.859 3.65336
3.63015 11.4097
12.9862 10.3982
1.98864 11.3366
0.0292961 0.375946
2.08716 9.4879
8.54984 9.90923
1.14269 1.40708
7.20934 5.23723
5.7765 6.91056
7.45332 4.40967
8.07252 5.26346
2.81129 4.88777
14.8798 5.03205
4.98843 14.8698
5.8852 14.1019
14.3983 6.6957
13.2412 8.02966
0.307099 11.4203
7.66387 1.85157
12.5618 7.33883
8.34532 10.7531
9.52836 5.94028
10.5545 3.31604
0.558549 13.009
4.44628 10.7146
10.1403 6.57101
14.3382 12.5487
1.14243 11.1606
7.53299 14.004
10.2622 14.6923
4.54928 8.38713
14.5964 15.2993
5.59505 13.2727
14.7706 5.90105
9.24667 4.19973
10.7461 12.8612
1.78928 6.8846
11.127 5.00445
5.48642 1.38077
2.22203 2.52808
6.96671 11.281
12.5478 1.5239
8.7178 3.47147
2.61362 1.1454
5.85992 14.9857
5.814 9.65936
2.93947 1.99204
5.46108 6.09249
0.274198 1.22838
7.20696 1.09144
9.56079 15.262
2.7991 11.6883
6.25937 12.6709
0.23433 9.47199
8.63229 6.03688
11.8732 3.34925
2.95306 12.5903
0.527833 14.9696
0.13855 7.80132
11.2234 9.94954
1.15597 5.84436
3.67473 5.13015
3.83592 12.3355
12.8064 0.654708
10.8725 7.10836
13.8833 8.67006
3.34811 14.0368
1.16036 9.55079
5.64052 2.28476
11.7207 12.5063
4.59667 1.12924
8.35256 4.40111
15.2755 6.88791
14.0575 13.7378
3.40688 0.681362
4.17194 14.484
1.60472 8.72691
9.64071 3.36879
11.1846 14.6841
9.53533 1.70458
3.75508 1.55905
6.15158 11.7217
7.05471 12.2074
11.0043 10.8658
1.07817 7.69484
7.29146 7.51168
0.878834 6.75067
12.8128 3.27604
12.6592 12.334
2.4831 14.5294
6.95226 3.64274
2.64857 8.76554
8.57549 1.7494
6.75123 9.57898
5.11242 3.08194
9.90219 0.801821
12.1046 14.3827
13.8675 14.679
9.34416 13.2316
4.96999 13.9546
4.21971 3.47147
13.7845 3.27747
12.3242 13.2494
0.646983 8.61138
13.954 5.03361
10.0827 2.51021
11.6417 9.09674
9.09511 2.57402
4.96758 9.22707
10.1857 4.16641
12.4722 9.63101
8.12636 0.877252
9.99015 7.49638
2.69482 10.7411
11.6048 6.48311
13.2943 2.41816
14.5092 11.6177
0.478791 5.15597
0.937754 0.509562
13.5834 11.991
13.4337 12.9834
12.9362 15.0296
10.8012 5.89892
6.69037 6.7313
11.9276 5.52963
1.68559 3.30855
6.1026 3.14008
1.48059 13.1376
3.63563 2.65944
3.83783 6.4251
7.56821 13.0516
14.3375 4.11099
2.25419 4.1386
13.7251 0.336896
4.52633 11.6557
0.620452 10.3654
6.31562 7.68315
9.26367 10.5279
2.82389 3.28422
14.9952 10.7292
2.02933 12.2794
15.2639 12.2911
5.29027 0.436367
8.93623 7.82227
8.42588 13.6537
4.14297 9.80935
11.1869 4.03965
9.01818 5.13497
8.19735 7.08803
6.67213 13.5585
6.4188 1.6712
3.34338 15.0263
14.8344 14.3679
9.21032 6.8344
12.8099 11.3357
8.22779 14.6836
9.41674 9.50533
4.53108 13.0422
10.0856 5.16564
13.4963 9.59249
13.7162 6.02082
6.38766 5.73892
12.2633 2.44261
8.08043 2.72312
1.74816 15.2187
1.53373 14.1758
4.27415 0.180594
10.2507 13.7116
7.4631 0.0941798
0.488027 13.9777
10.0625 11.2318
1.72683 10.3807
3.69777 8.86271
1.86662 5.11456
7.99003 8.24884
5.26934 7.72626
6.76947 14.6135
1.24665 2.36076
5.38069 11.0501
12.9452 5.2696
9.73252 8.49516
3.44072 4.14605
3.22406 7.91043
12.1788 8.22748
0.984661 12.13
10.2488 10.1778
2.78192 6.9239
5.32512 12.3222
6.32467 10.5196
13.5043 7.08107
10.9225 11.8841
5.51315 5.1024
14.9654 13.3099
10.5535 1.58695
2.9582 5.84915
0.160056 2.2342
14.425 7.68055
5.52689 4.01924
4.55479 5.64293
0.0540386 4.19163
5.84097 8.65079
6.48215 4.57358
7.7633 9.31772
7.00097 2.58637
8.5218 12.5845
12.1655 4.4896
14.3835 2.12303
10.5967 9.14667
7.42364 10.3798
10.8276 0.326711
7.90677 11.6454
0.62622 3.25212
13.0684 13.9833
13.5413 1.38775
6.94558 8.5512
11.3509 13.659
9.30702 14.2809
14.9214 8.67301
3.04822 9.74304
2.47862 13.4896
13.9162 10.7289
14.5726 9.74369
14.601 1.01286
6.36432 0.536114
4.21337 7.42851
11.0632 8.12802
14.8378 3.15409
9.88701 12.3242
2.12505 7.83556
1.17203 4.25499
12.0139 10.6014
11.9339 0.0917005
4.60254 2.16842
13.2665 4.21426
7.60509 6.16162
9.02148 11.5789
11.5878 1.18172
4.50824 4.50547
12.6599 6.33651
11.1716 2.5193
0 179
0 166
0 58
1 129
1 240
1 79
1 198
1 34
2 126
2 110
2 107
2 94
3 71
3 77
3 81
3 172
4 213
4 144
4 62
4 239
5 133
5 58
5 21
6 123
6 60
6 39
6 193
7 75
7 188
7 209
7 51
8 233
8 160
8 128
8 39
8 15
9 189
9 217
9 171
10 132
10 75
10 87
10 48
10 101
11 170
11 65
11 126
12 198
12 31
12 125
12 174
13 58
13 21
13 192
13 54
14 178
14 57
14 105
14 24
14 86
15 66
15 149
16 245
16 125
16 174
16 169
16 235
17 42
17 128
17 66
17 155
18 46
18 72
18 237
18 133
18 63
19 91
19 106
19 186
19 233
20 217
20 171
20 152
20 35
21 133
21 63
21 192
22 216
22 24
22 176
22 25
22 249
23 62
23 138
23 190
23 151
24 216
24 105
24 86
25 86
25 162
25 249
26 147
26 196
26 188
26 209
26 76
27 214
27 119
27 132
27 48
28 114
28 90
28 59
28 181
28 157
29 114
29 47
29 164
29 59
30 175
30 87
30 48
30 204
30 211
31 204
31 80
32 154
32 42
32 156
32 199
33 64
33 107
33 218
33 178
34 253
34 198
34 204
35 223
35 152
35 225
36 162
36 173
36 168
36 69
36 40
37 120
37 92
37 254
37 124
37 161
38 156
38 199
38 207
38 184
38 142
39 160
39 149
40 168
40 137
40 127
40 79
41 131
41 134
41 156
41 207
42 150
42 186
42 199
43 164
43 145
43 159
43 191
43 170
44 182
44 65
44 93
45 239
45 190
45 187
45 123
46 167
46 148
47 202
47 67
47 114
49 57
49 92
49 86
49 124
49 162
50 242
50 205
50 182
50 230
51 101
51 201
51 243
52 161
52 139
52 137
53 85
53 157
53 83
53 165
54 61
54 192
54 140
54 153
55 203
55 223
55 96
55 225
55 97
56 78
56 251
56 228
56 177
57 178
57 92
58 89
58 61
59 191
59 157
59 238
60 215
60 123
60 203
60 108
61 95
61 143
62 213
62 206
63 237
63 210
64 238
64 126
64 165
65 231
65 110
66 128
66 155
66 71
67 202
67 97
67 164
68 232
68 118
68 236
68 150
68 82
69 162
69 249
69 168
70 177
70 102
70 161
71 155
71 77
71 234
72 184
72 133
73 87
73 99
73 232
73 118
74 222
74 121
74 200
74 245
74 98
75 132
75 101
76 196
76 252
76 209
76 213
77 149
77 172
78 136
78 246
78 148
79 129
79 127
79 240
80 232
80 174
81 234
81 166
81 90
82 91
82 150
82 186
83 247
83 165
83 109
83 141
84 205
84 103
84 117
85 181
85 157
85 247
85 95
86 162
87 101
88 227
88 135
88 207
88 112
88 167
89 166
89 181
89 95
90 114
90 166
91 243
91 118
92 122
92 120
92 124
93 230
93 224
93 246
94 107
94 208
94 122
94 120
95 247
96 193
96 202
97 225
97 145
98 200
98 245
98 185
98 205
99 101
99 243
100 138
100 151
100 189
100 163
102 177
102 130
102 116
102 248
103 169
103 134
103 117
104 234
104 180
104 179
104 166
105 141
105 216
106 197
106 233
107 126
107 122
108 229
108 217
108 203
108 223
109 247
109 115
109 141
109 212
110 224
110 208
111 230
111 227
111 246
112 136
112 167
112 148
113 219
113 242
113 159
113 182
113 231
114 172
115 143
115 196
115 252
116 130
116 241
116 248
116 146
117 230
117 227
118 232
119 248
119 146
119 194
119 175
120 208
120 122
121 198
121 222
121 125
122 178
123 215
123 160
124 161
124 173
125 245
125 174
126 183
127 168
127 195
128 186
128 233
129 139
129 137
129 253
130 228
130 177
131 235
131 154
131 134
131 156
132 214
133 179
134 169
134 135
135 227
136 227
136 246
136 148
137 173
138 176
138 249
138 151
139 220
139 194
139 253
140 226
140 192
140 244
140 147
141 218
141 212
142 155
142 234
142 180
143 247
143 153
144 209
144 213
144 239
145 219
145 164
146 241
146 248
146 214
147 153
147 244
147 188
148 228
149 193
149 202
150 154
151 190
151 229
152 171
152 200
152 250
153 196
154 236
154 235
155 199
156 199
156 207
157 181
157 238
158 168
158 189
158 163
158 195
159 219
159 170
159 231
160 187
161 220
163 249
163 168
164 191
165 218
166 181
167 207
167 184
169 245
170 183
171 195
171 200
172 202
174 236
175 253
175 204
176 206
177 254
178 218
179 180
180 184
182 230
182 231
183 191
184 207
185 200
185 250
185 242
185 205
187 197
187 233
188 244
189 229
189 217
190 239
190 215
192 210
192 226
193 203
194 220
194 248
194 253
195 222
196 252
197 201
197 243
197 239
198 240
200 222
201 209
201 243
203 223
204 253
204 211
205 242
206 212
206 216
206 213
208 251
208 254
210 221
210 241
210 226
211 232
212 252
212 216
213 252
214 226
214 244
215 229
217 229
217 223
219 225
219 250
220 248
221 237
221 228
221 241
222 240
224 246
224 251
225 250
226 241
226 244
228 237
232 236
242 250
246 251
