64 142 7.69483
5.84759 7.12975
3.95172 0.960777
5.03966 3.56601
0.309273 5.66721
7.16957 5.52651
2.77738 4.42387
7.57241 7.29333
0.952693 5.10795
5.17338 0.506061
3.01839 3.59555
1.0018 1.22713
4.05812 1.96485
5.01533 7.34109
6.95191 0.208261
6.87138 4.16125
0.152606 1.50429
0.872656 2.11473
0.120546 3.70228
0.75262 7.38242
0.70442 6.45867
6.04634 0.294695
6.71943 7.01118
6.21284 2.1238
0.227559 2.78025
6.45265 4.9902
1.54581 6.88781
4.27793 6.78513
3.21367 0.447212
7.44778 6.38934
3.91956 3.79861
7.17639 2.16659
3.68566 4.75882
4.16914 0.0701108
3.36741 7.16335
3.51691 6.16802
5.79312 1.23681
2.21977 2.70144
4.78424 1.35592
1.78283 1.78046
2.31735 0.904626
1.43458 0.376386
5.22938 2.2744
1.19603 3.04617
1.5128 5.87947
2.86193 5.37212
4.37426 2.88626
0.195234 0.515464
5.47868 5.26192
1.00545 4.14315
6.97837 3.17362
6.84429 1.19022
1.90545 4.87201
3.16791 1.52711
5.78509 4.20787
5.89675 3.10683
4.7081 4.4822
6.33584 6.05026
2.36748 7.52733
0.034774 4.71501
2.03183 3.75921
3.29856 2.63519
5.24274 6.34842
2.47736 6.40304
4.40199 5.56676
0 61
0 12
0 21
0 20
1 27
1 32
1 52
1 37
2 45
2 54
2 55
3 58
3 7
3 28
3 4
3 19
4 24
4 58
4 56
4 28
5 59
5 9
5 51
5 44
6 28
6 21
6 18
6 13
6 46
7 58
7 48
7 51
7 43
8 12
8 20
8 37
9 59
9 60
9 29
10 40
10 16
10 15
10 38
11 52
11 37
11 60
11 45
12 61
12 26
12 32
13 21
13 20
13 50
13 46
14 49
14 24
14 58
15 46
15 30
16 38
16 42
16 23
17 49
17 23
17 58
17 48
18 19
18 25
18 46
18 40
19 28
19 43
19 25
20 35
21 56
21 28
22 35
22 41
22 30
22 54
23 30
23 49
23 42
24 53
24 47
25 62
25 43
25 57
26 34
26 61
26 33
26 32
27 57
27 33
27 39
29 45
29 31
29 55
30 50
30 49
31 55
31 44
31 63
32 33
33 34
33 57
34 62
34 44
34 63
35 50
35 37
36 38
36 59
36 60
37 41
38 39
39 57
39 40
39 52
40 57
41 45
41 54
42 59
43 51
43 62
44 51
44 62
45 60
47 55
47 53
47 63
47 61
48 59
49 54
51 59
52 60
53 54
53 55
55 63
56 61
57 62
61 63
