128 286 10.8117
6.84209 3.5666
5.97093 0.202352
3.3526 1.93192
8.54494 8.60981
6.72522 6.76582
1.67528 1.08306
3.56007 3.73794
4.32176 7.61022
4.13743 2.23587
0.780618 8.47632
3.75723 10.3767
4.94184 6.18731
10.0739 6.50912
3.63716 4.79386
9.10409 4.20738
10.0157 7.4236
5.10667 7.03945
7.77411 8.23058
10.0462 9.10747
5.64267 1.59815
7.34514 8.98428
4.27673 6.74514
9.79666 2.69133
7.53326 5.28987
1.18943 9.24691
0.090162 5.0351
2.70979 8.72078
8.99133 2.31598
9.29772 6.91718
7.06465 2.70436
9.19657 6.02474
6.42598 2.0314
5.93034 8.48559
6.48154 9.21601
0.790085 3.50288
9.79706 0.373656
2.08185 9.36516
5.24318 0.699831
6.07613 4.0016
9.14485 5.10421
10.4973 2.10744
8.3713 5.62879
5.53862 5.51544
10.6082 3.10577
9.93931 4.54512
9.80916 3.61013
5.19827 10.5704
1.56888 2.979
1.7218 3.91603
10.7221 0.201661
9.14697 9.27903
7.16883 9.88055
5.15441 7.95825
3.49467 7.2369
8.42894 6.57109
1.08326 7.61512
1.94614 5.92669
0.919597 4.44525
1.03607 6.5449
3.72254 5.99285
3.35089 2.84361
0.49499 10.2479
2.49984 3.34088
4.27314 3.15132
6.21945 10.1352
4.70964 1.50429
6.84113 8.1907
5.31016 4.58196
4.52472 9.86084
3.1969 0.305817
3.7863 1.11901
4.36301 0.28185
4.36831 4.20637
2.64707 7.76281
10.4129 1.13124
7.49118 6.24256
1.51552 1.99548
5.84996 6.44232
8.1696 9.46386
10.8026 4.07104
8.38178 1.57114
1.90975 7.04648
8.26169 4.65263
7.49724 7.30826
7.36006 1.7688
5.18327 3.57455
7.70831 0.781438
0.123064 6.10031
2.80217 4.31878
1.51164 10.1711
2.48753 2.317
1.91537 4.90283
8.04456 2.57422
8.85535 3.2796
10.0501 5.53744
3.60469 9.36151
9.43017 1.44249
0.609594 2.51569
6.93907 0.0568369
5.07363 2.48206
6.93387 4.51906
2.8702 5.39643
2.80979 6.48399
0.202093 9.26592
0.154544 7.16542
1.75996 8.40206
9.1698 10.3124
2.14294 0.233453
6.06768 7.48225
3.59001 8.26283
10.2605 10.0831
6.47087 1.03589
4.54898 8.79918
5.47966 9.39718
0.998874 5.48719
1.02595 0.344491
9.47734 8.28272
0.629797 1.4024
2.6565 1.23194
8.78072 0.553648
4.51038 5.2855
6.57573 5.62991
6.07184 2.9683
8.00382 10.5328
7.8175 3.65924
2.78651 10.118
10.6168 8.2307
8.55881 7.61473
0 122
0 100
0 38
0 124
1 46
1 64
1 37
1 111
2 70
2 118
2 90
2 8
2 60
3 17
3 127
3 116
3 78
3 50
4 77
4 75
4 108
4 83
5 115
5 107
5 76
5 118
6 60
6 63
6 88
6 72
7 21
7 109
7 53
7 52
8 65
8 63
8 99
9 126
9 55
9 105
9 103
9 24
10 125
10 68
10 69
10 71
11 120
11 42
11 21
11 77
11 16
12 94
12 28
12 87
13 88
13 72
13 101
13 120
14 93
14 82
14 44
14 39
15 28
15 104
15 126
16 21
16 77
16 52
17 66
17 83
17 127
17 20
18 116
18 50
18 103
18 110
19 111
19 65
19 31
20 66
20 33
20 78
20 51
21 59
21 53
22 27
22 40
22 43
22 45
23 100
23 82
23 121
23 41
23 75
24 103
24 36
24 89
25 79
25 94
25 114
26 105
26 109
26 73
26 36
27 80
27 96
27 92
27 93
28 54
28 30
28 127
29 84
29 122
29 92
30 41
30 39
30 94
30 54
31 111
31 84
31 122
32 52
32 108
32 66
32 113
32 33
33 113
33 64
34 97
34 47
34 79
34 57
35 119
35 74
35 49
36 105
36 89
36 125
37 46
37 71
37 65
38 85
38 122
38 67
38 100
39 82
39 41
39 94
40 74
40 97
41 82
41 54
42 67
42 121
42 77
43 97
43 79
43 45
44 79
44 45
44 94
45 93
46 68
46 71
47 76
47 48
48 62
48 57
48 91
49 110
49 61
49 74
50 116
50 78
50 106
51 64
51 123
51 98
52 108
52 112
53 102
53 109
53 73
54 75
54 127
55 104
55 81
55 105
56 114
56 91
56 102
57 79
57 114
58 114
58 87
58 81
59 101
59 120
59 102
60 90
60 62
60 63
61 103
61 89
61 115
62 90
62 88
63 99
63 85
64 113
64 98
65 70
65 99
66 108
67 85
67 72
67 120
68 112
68 95
68 113
69 125
69 107
69 70
69 118
70 71
72 85
73 81
73 109
74 96
74 117
76 117
76 90
76 97
77 121
77 108
78 123
80 86
80 119
80 84
80 96
80 92
81 102
82 124
83 127
84 86
84 92
85 122
86 123
86 98
86 119
87 94
87 114
87 104
88 91
88 101
89 115
89 107
90 118
91 114
91 101
92 93
92 124
93 124
95 109
95 112
95 125
96 119
97 117
98 123
98 111
99 122
101 102
103 126
103 110
104 126
106 110
106 119
107 125
107 115
107 118
109 112
112 113
115 117
116 127
116 126
119 123
