64 140 7.69546
2.6217 5.58356
3.54106 3.23891
6.08418 4.18277
5.6495 1.11138
6.37849 1.53792
1.42132 1.50444
2.05625 6.20662
3.54055 7.1384
5.53133 4.92595
1.9987 3.62052
1.79341 5.37515
3.20201 2.11035
2.99804 1.05256
5.84557 3.34336
2.77695 6.70002
2.41363 4.72931
7.18174 1.18607
6.71308 0.395175
4.16833 6.50899
3.38701 6.01821
5.14791 2.71237
3.84906 4.07523
7.68054 3.3271
1.16816 6.31096
6.74978 3.13324
4.46493 3.36796
5.18583 6.78679
2.35697 1.7339
4.44556 7.41331
6.45835 5.01228
4.85754 5.8669
7.43997 5.09897
0.198813 6.24041
4.9839 1.75541
2.89536 3.90009
6.07526 2.41512
2.75059 7.65689
1.04664 0.452848
4.08358 2.47795
3.68694 0.374393
5.17413 4.03986
5.85796 5.82664
0.399058 4.31152
2.63694 2.89734
0.0077837 0.350113
7.27374 7.06993
7.0994 2.1787
0.469299 1.3179
6.89883 5.98029
4.78443 0.686786
1.45925 4.4437
0.64915 7.181
2.05122 0.74953
6.21958 6.83679
7.04164 4.12738
5.72874 0.131304
1.62616 2.47691
3.39188 4.99248
1.01846 3.42135
4.50714 4.87961
0.490154 2.41664
1.77558 7.17624
0.782321 5.33886
3.95308 1.41929
0 57
0 10
0 6
0 19
1 38
1 34
1 21
2 13
2 40
2 54
2 29
3 49
3 55
3 33
3 4
4 16
4 35
4 46
5 52
5 47
5 56
6 23
6 10
6 61
6 14
7 36
7 14
7 18
7 39
8 40
8 29
8 41
9 58
9 43
9 50
9 34
10 50
10 15
10 62
11 27
11 63
11 38
11 43
12 52
12 39
12 27
12 63
13 35
13 24
13 40
14 19
14 36
15 50
15 57
15 34
16 17
16 44
16 46
16 47
17 55
17 44
18 19
18 30
18 28
19 57
20 33
20 35
20 25
21 25
21 57
21 34
21 59
22 60
22 24
22 58
22 54
23 62
23 32
23 51
24 35
24 46
24 54
25 38
25 40
26 30
26 28
26 53
27 52
27 56
28 39
28 49
29 31
29 41
30 59
30 41
31 54
31 42
31 48
31 62
32 48
32 62
32 45
32 51
33 63
34 43
36 61
36 52
36 39
37 51
37 44
37 52
37 47
38 63
39 63
40 59
41 48
41 53
42 58
42 54
42 50
42 62
43 56
44 45
44 51
44 47
45 53
45 51
46 60
47 60
48 53
49 55
49 63
50 58
50 62
51 61
53 55
56 60
56 58
57 59
58 60
