63 142 7.67375
5.58043 2.76381
0.12913 4.14478
5.45405 3.58607
5.02623 6.16918
4.73505 4.02037
1.81017 0.288324
0.923104 4.63622
5.92665 1.99228
1.5407 2.14677
0.760546 1.76058
5.65762 5.58275
0.293986 6.84208
7.66546 2.2055
3.43586 6.37113
6.63576 1.47039
4.43116 0.0126742
5.20962 7.02582
2.28365 4.92763
6.93686 4.28917
5.79899 1.10517
3.68855 3.69493
0.64101 5.99566
3.02423 4.36789
4.85732 1.11576
2.50306 6.17642
2.69884 0.482478
5.0197 2.05954
3.83824 0.744012
5.32408 0.286735
4.30014 6.74905
6.09424 7.3785
5.03855 4.8896
6.7514 2.41665
1.89661 4.05407
0.789703 2.7042
1.73579 3.06169
1.06213 7.40948
7.04148 7.09031
0.94377 3.69996
4.08488 1.72071
4.18905 5.74356
1.44893 5.42574
7.3295 6.10672
2.48505 2.3425
5.9447 4.40159
2.35747 7.17609
0.107438 0.133922
2.71832 3.40649
1.53195 6.48131
3.0737 1.43988
0.971286 0.79341
6.27713 6.35151
0.0655882 5.11302
3.17251 5.4004
6.41486 3.41357
7.51883 3.20547
4.00784 4.67565
7.60514 1.20243
1.98626 1.25974
4.62641 3.03364
6.62091 5.27434
3.54286 2.66011
3.44462 7.40122
0 26
0 7
0 59
0 2
1 55
1 38
1 18
1 52
2 59
2 54
2 4
2 44
3 40
3 10
3 16
4 59
4 56
4 31
5 36
5 45
5 50
5 58
5 25
6 38
6 52
6 41
7 19
7 26
7 32
7 14
8 58
8 9
8 43
8 34
8 35
9 57
9 50
9 12
9 34
10 31
10 51
10 60
11 42
11 21
11 37
11 36
11 46
12 57
12 32
12 55
12 34
13 53
13 62
13 29
14 19
14 57
14 32
15 62
15 29
15 27
15 28
16 29
16 30
16 28
17 33
17 22
17 41
17 53
18 54
18 44
18 60
19 23
19 28
20 61
20 47
20 56
21 42
21 41
21 48
22 47
22 56
23 28
23 39
23 26
24 53
24 48
24 45
25 62
25 58
25 49
26 39
26 59
27 49
27 39
28 30
29 40
29 62
30 51
30 37
31 56
31 44
32 54
33 38
33 35
33 47
34 55
34 38
34 35
35 43
35 38
35 47
36 48
36 50
36 46
37 51
37 42
37 46
39 49
39 61
40 56
40 53
41 48
42 52
42 51
42 60
43 49
43 61
44 54
44 60
45 48
45 62
46 57
46 50
47 61
49 58
50 57
50 58
51 60
52 60
53 56
54 55
59 61
