254 568 15.3326
2.99945 2.62892
4.13824 11.9697
12.9204 5.77736
3.27076 7.17116
13.0418 1.5598
7.40768 10.4887
14.6744 5.85828
7.71417 11.2668
10.4399 3.93583
8.86046 0.499816
0.659574 3.22423
4.94561 7.56965
11.9052 14.2649
6.5853 14.7731
3.68703 11.2403
6.91768 9.80919
14.541 3.90526
2.84825 4.33361
11.7041 7.88556
1.70785 1.12288
10.7408 2.41336
11.593 2.41639
10.3929 6.74426
12.3729 2.07456
14.4796 0.983385
8.24376 10.3587
4.34105 0.364011
3.48866 8.77001
2.91975 3.47511
7.42354 2.42078
2.22102 2.95432
0.321299 2.43621
0.925593 8.20142
3.28368 15.2475
0.156928 13.0772
9.10517 10.4423
9.03651 12.0421
13.8092 4.49173
4.54721 4.39214
9.52268 6.75675
11.2255 4.27922
5.73847 14.5873
0.712059 6.5018
10.6597 11.2046
12.2435 8.56382
5.06079 6.71459
3.69807 4.14435
5.03169 15.1061
11.6773 11.086
7.23952 11.9893
1.20358 3.89802
2.19939 13.8084
6.15083 1.00778
5.46966 2.65716
15.1555 8.2974
10.979 7.39653
0.773545 10.8683
8.14237 12.0304
5.57972 5.99527
10.1838 3.09736
12.2113 15.0898
7.31372 9.0273
6.69375 12.8904
14.2503 8.35736
7.99809 0.344726
13.9812 12.6437
15.1545 6.58663
6.00305 0.108521
14.2006 0.137896
9.88552 8.6925
1.36599 2.70622
3.82501 12.7889
10.2044 13.5527
11.0899 13.9107
6.95328 7.0636
4.47032 6.0287
8.96237 1.46802
11.2315 14.8319
12.3022 2.96934
4.59509 2.37843
2.1043 3.84432
3.69778 2.10032
3.54152 0.785961
5.75485 12.8651
0.320817 7.52088
11.2527 11.898
3.92576 7.97673
14.9802 14.752
12.9151 12.9943
1.58921 0.115437
2.98648 8.0109
13.5656 0.828947
4.01936 10.3992
13.6961 13.5258
1.84138 8.15671
11.8617 4.93874
4.74512 8.44347
12.0363 5.87361
2.94389 1.52716
13.6268 9.53098
4.02115 13.7071
1.33893 11.7189
0.907416 12.5641
8.61399 11.2204
11.755 1.41741
5.01171 5.25176
2.29879 11.6904
1.51366 9.0639
6.0979 5.22049
6.07815 10.1573
8.95384 8.57548
15.09 3.17175
1.00269 4.81157
10.3123 12.0845
8.55548 14.9218
14.123 3.09099
14.883 12.3796
14.7428 2.2689
9.63052 12.7893
4.03887 5.17271
6.69647 11.0571
7.64403 12.8367
10.331 14.5004
10.0254 10.284
11.1062 6.15476
12.6009 7.68865
13.9334 1.72719
5.35269 9.20429
13.0739 10.3428
8.18474 5.44298
10.5061 9.41882
13.6353 11.1638
2.36035 7.27003
13.2212 12.07
7.55066 6.27352
8.01473 1.29998
3.21794 12.0429
0.678146 15.0905
4.17991 7.03875
8.63923 12.8901
10.9047 5.16844
4.94767 14.0622
1.10371 9.97013
1.8999 12.6037
1.32465 13.449
4.61741 11.1784
10.1502 5.84163
6.35032 9.0663
5.48575 1.70309
12.6336 9.43982
9.25886 2.80867
9.19057 5.52478
15.2043 0.380819
12.6208 11.2512
1.48723 14.4627
1.74071 10.8218
6.03011 3.44429
6.53028 6.18
8.9055 7.56868
0.833985 0.762618
9.39159 14.1039
10.517 0.171534
13.5993 7.53494
9.51176 3.80653
5.23489 0.705859
11.5135 0.444974
9.73389 0.856154
2.06158 2.00717
1.02533 1.7854
12.9421 6.71945
4.77767 13.0422
2.13533 9.87374
11.9738 13.3214
9.34607 9.51348
0.33413 11.7375
8.37185 2.26855
13.8071 5.46799
7.91906 7.23851
7.24417 13.7746
3.504 6.25623
6.59861 4.32844
9.93414 4.77943
6.19643 13.7476
7.54436 14.7921
9.5361 15.1508
5.96335 7.07197
2.43474 6.23768
5.17137 12.0544
5.66412 11.0966
7.97724 8.29772
2.02063 4.84291
12.1513 3.96383
14.0014 14.4914
2.52434 8.89731
6.25389 11.9932
0.0136101 1.43258
13.2038 15.2116
14.6476 7.44148
5.52839 4.37187
6.44384 2.47054
2.85425 13.0579
4.92155 3.47879
11.1687 3.29389
12.195 12.2678
12.8771 4.81053
11.07 10.3033
8.59858 6.4066
14.7055 13.6648
14.2748 10.3293
12.5386 0.738392
6.99551 1.53341
14.6643 11.3582
14.0034 6.54694
4.12193 14.7324
8.75618 4.55602
10.7437 1.22488
5.03859 10.2075
7.68329 4.30939
8.26783 9.36764
1.31351 7.28077
7.10462 3.35874
3.00281 5.30174
2.81567 10.7846
10.9802 12.8912
0.0435026 10.1639
14.6642 9.28758
9.65892 11.2694
3.21809 9.74237
12.8791 14.1558
4.39779 1.36377
9.87768 1.93359
6.89262 8.0934
8.32442 13.903
13.2421 2.52923
7.13959 5.28613
11.5663 9.31049
13.2493 8.55591
2.52654 0.564802
10.8684 8.41253
11.8686 6.90457
0.292523 5.58804
14.7324 4.88189
1.42574 5.78398
0.214203 4.1131
6.9802 0.410788
4.28807 9.38032
0.455015 9.10175
5.75445 8.16059
13.2227 3.66794
3.11088 14.2478
0.42915 14.0503
8.32633 3.37752
9.98995 7.66608
3.86332 3.13049
0 81
0 30
0 28
0 253
1 145
1 136
1 71
2 204
2 97
2 176
2 169
3 179
3 138
3 132
3 90
4 209
4 23
4 126
4 233
5 15
5 25
5 120
5 7
6 176
6 241
6 240
6 212
6 66
7 103
7 57
7 49
8 59
8 202
8 163
8 40
9 184
9 64
9 166
10 111
10 31
10 70
10 243
10 50
11 138
11 45
11 247
11 96
12 73
12 172
12 77
12 228
12 60
13 41
13 183
13 67
14 92
14 222
14 145
14 136
15 147
15 61
15 109
16 115
16 111
16 241
17 28
17 80
17 46
17 221
18 239
18 55
18 125
18 238
18 44
19 159
19 237
19 168
19 167
20 230
20 59
20 202
20 21
21 23
21 202
21 78
22 146
22 39
22 124
22 252
22 55
23 104
23 78
23 233
24 152
24 68
24 126
24 195
25 218
25 35
26 213
26 82
26 164
26 229
27 90
27 86
27 193
27 245
28 30
28 253
28 80
29 210
29 175
29 199
29 220
30 167
30 70
30 80
31 117
31 168
31 111
32 84
32 219
32 94
32 246
33 249
33 213
33 237
33 82
34 116
34 102
34 207
34 250
35 173
35 123
35 103
35 226
36 103
36 226
36 57
36 139
37 248
37 204
37 241
38 201
38 46
38 198
38 119
39 206
39 252
40 202
40 191
40 140
40 95
41 141
41 182
41 47
41 67
42 240
42 242
42 66
42 219
43 205
43 226
43 85
44 125
44 235
44 236
44 149
45 138
45 75
45 58
45 185
46 253
47 213
47 164
48 205
48 153
48 85
49 194
49 121
49 57
50 243
50 80
50 112
51 144
51 200
51 154
51 249
52 164
52 244
52 67
52 148
52 210
53 148
53 79
53 201
53 199
53 156
54 197
54 84
54 63
54 246
55 239
55 252
55 238
56 224
56 142
56 174
56 155
57 103
57 121
58 105
58 108
58 157
59 150
59 202
59 163
60 196
60 165
61 231
61 147
61 189
61 218
62 194
62 121
62 182
63 197
63 236
63 225
64 183
64 114
64 244
64 135
65 133
65 116
65 93
66 197
67 164
67 244
68 192
68 91
69 252
69 110
69 130
69 238
69 173
70 168
70 167
71 136
71 200
71 100
71 170
72 118
72 223
72 160
72 122
73 223
73 122
73 77
74 185
74 157
74 231
74 177
75 119
75 105
75 179
76 166
76 135
76 175
76 230
77 122
77 161
77 165
78 233
78 191
79 229
79 81
79 253
80 190
81 98
81 229
81 253
82 237
82 98
82 229
83 187
83 194
83 170
83 182
84 197
84 219
85 113
85 223
85 203
86 138
86 90
86 96
87 250
87 192
87 152
88 203
88 133
88 172
88 93
89 137
89 154
89 159
89 237
90 132
90 193
91 196
91 209
91 126
92 245
92 227
92 216
92 145
93 207
93 228
93 192
94 219
94 107
94 193
95 191
95 140
95 204
95 97
96 247
96 245
96 127
97 124
97 239
98 237
98 167
99 236
99 149
99 128
99 208
100 170
100 141
100 249
100 213
101 174
101 155
101 106
101 102
102 174
102 143
102 144
103 226
104 165
104 209
104 215
105 198
105 119
106 222
106 143
106 136
107 246
107 193
107 142
108 198
108 180
108 234
109 216
109 188
110 158
110 189
110 218
110 173
111 117
111 115
111 243
112 243
112 240
112 242
112 190
113 226
113 118
113 223
114 232
114 183
114 184
115 233
115 248
116 211
116 174
117 126
117 195
118 139
119 221
120 188
120 194
121 139
121 178
122 160
122 184
122 161
123 130
123 173
123 205
123 226
124 146
124 140
124 239
125 239
125 169
125 162
126 233
127 245
127 147
127 216
128 149
128 153
128 131
129 214
129 234
129 151
129 206
130 238
130 235
130 205
131 208
131 153
131 211
131 133
132 186
132 219
133 153
133 203
134 234
134 157
134 206
134 177
135 210
135 175
137 250
137 154
137 152
137 159
138 179
139 232
140 181
140 146
141 170
141 213
142 246
142 171
143 144
143 200
144 250
144 154
145 216
145 188
145 187
146 151
147 247
148 164
149 235
149 236
150 175
150 230
150 251
150 163
151 214
151 181
151 206
152 159
152 195
155 171
155 222
156 199
156 220
156 198
156 180
157 234
157 185
158 177
158 252
159 195
159 168
160 232
160 184
161 184
161 166
161 165
161 215
162 169
162 212
162 197
162 236
163 214
163 181
164 229
165 209
166 184
166 230
166 215
168 195
169 239
169 212
170 187
171 193
171 227
172 223
172 203
173 218
174 211
175 251
176 241
177 206
177 189
178 182
178 232
178 183
179 221
179 186
180 220
180 198
180 217
180 234
183 244
185 247
186 242
186 221
187 188
187 194
188 216
188 194
189 231
190 242
190 221
191 248
192 207
192 196
193 227
196 228
196 209
197 212
198 201
199 210
199 220
201 253
205 235
207 250
208 225
208 224
208 211
210 244
213 249
214 217
215 230
216 245
217 220
217 251
217 234
222 227
224 225
224 246
225 246
227 245
231 247
233 248
235 238
238 252
240 241
240 242
241 243
