63 140 7.69167
1.03294 3.61886
4.10759 0.76959
1.18396 1.26625
1.64973 1.96985
2.84806 5.84448
6.46828 0.487985
5.6732 7.41139
4.1269 4.89288
7.68343 4.97486
5.91199 1.49523
3.74158 1.53275
6.53504 7.32059
1.88793 3.50992
0.48762 7.19759
6.86532 3.96367
1.50946 4.34196
2.41606 4.23839
2.495 1.72439
1.32628 2.79573
6.42055 6.42201
6.01965 4.32399
7.12305 3.08469
2.34694 6.58365
6.77605 4.87808
3.96061 3.13058
5.57636 0.64059
0.749205 2.05502
6.48823 2.29435
1.52133 6.12156
2.26205 2.65001
0.388108 2.97766
3.72425 4.06093
3.30378 6.65164
4.85539 1.30921
7.47288 2.18357
7.31507 6.80352
3.78118 5.76453
0.868414 0.388891
1.94467 0.719251
0.22616 1.19854
2.93723 3.41086
7.16514 5.78426
4.4005 2.23396
5.43722 6.47814
2.55957 7.55876
6.87426 1.348
0.947437 5.16206
3.63213 7.63152
0.16385 4.01059
5.45785 2.36629
3.14726 4.92083
4.83135 5.5809
3.26168 2.38673
5.0174 4.48287
3.0162 0.851861
4.96734 3.36473
5.94596 5.50445
4.73499 0.0278896
4.36464 6.66071
0.485001 6.17307
1.50873 7.20155
6.09746 3.28381
2.06446 5.21281
0 30
0 18
0 12
0 48
0 15
1 47
1 57
1 10
1 33
2 37
2 38
2 26
2 3
3 26
3 17
3 29
3 18
4 50
4 62
4 36
4 22
4 32
5 11
5 25
5 45
6 43
6 11
6 57
7 50
7 31
7 53
7 36
7 51
8 23
8 48
8 41
8 46
9 25
9 49
9 45
10 54
10 52
10 42
11 35
11 19
12 29
12 18
12 16
13 59
13 35
13 60
13 37
14 61
14 21
14 20
14 23
14 48
15 16
15 46
15 62
16 40
16 50
16 62
17 54
17 52
17 29
18 26
18 30
18 29
19 56
19 41
19 43
19 35
20 61
20 53
20 23
21 34
21 61
21 30
22 28
22 60
22 44
22 32
23 56
23 41
24 52
24 42
24 55
24 31
25 57
25 33
26 39
26 34
27 49
27 45
27 34
27 61
28 59
28 62
29 52
29 40
30 34
31 40
31 50
32 36
32 47
32 58
33 42
34 45
35 41
35 59
36 50
36 51
36 58
37 60
37 39
38 44
38 54
39 45
40 52
41 59
42 49
43 51
43 56
43 58
44 60
44 47
44 54
46 59
46 62
47 54
47 57
49 55
49 61
50 62
51 53
51 56
53 55
55 61
57 58
