255 576 15.37
0.406242 3.47882
3.85613 13.4461
13.7025 10.4323
1.54221 14.5965
8.35776 10.8049
1.10807 4.9109
4.80406 11.8906
15.1134 9.38184
6.40769 6.33649
13.9991 0.0269453
8.69903 0.154027
3.05708 0.928008
4.25557 0.0252376
1.36408 7.45888
8.63666 14.0879
8.07304 2.69491
13.9584 3.77159
12.1187 8.55018
9.16639 9.03003
5.31046 14.1978
7.65709 3.54401
3.40712 9.3342
1.90837 12.9093
1.60081 9.12279
5.54377 4.36616
14.8055 15.1579
8.95596 11.4091
3.20017 3.20915
3.89536 0.800145
12.9852 14.3214
7.13079 14.9294
8.2274 4.35456
9.75429 9.66554
12.7747 1.43985
13.0889 11.0181
10.0642 1.07756
7.91014 14.5439
7.85012 0.0512891
3.53207 7.3182
10.6439 10.6372
13.4225 2.03725
8.09711 7.14613
2.28628 14.1621
1.28373 1.04167
8.93631 2.60147
13.0288 6.82615
2.2384 10.8782
10.5622 7.83675
0.69449 1.69945
15.0294 5.24861
0.869303 8.2452
5.87389 8.19099
9.66971 7.81687
12.4426 10.4139
6.76043 8.07125
3.93288 11.8471
5.00845 8.41066
1.25241 9.93007
11.2156 0.851714
8.21876 0.887028
12.2878 14.8776
4.98626 9.31091
9.58737 3.22702
0.737388 14.2555
11.5198 15.3659
8.79483 12.2796
6.3808 4.63347
0.400125 0.839322
13.1413 15.2019
1.01068 6.57721
0.322452 11.1588
3.59934 4.87784
6.26219 12.641
1.76735 8.2477
8.82556 5.24683
4.73659 13.5177
14.8552 11.5573
6.5468 0.23574
6.15136 9.06336
4.78948 0.737456
6.50601 1.27086
9.49684 13.8375
7.78022 9.92859
14.2885 5.7772
7.30323 0.773702
4.3684 12.6628
9.57022 0.320272
7.86077 13.6321
4.27712 7.84516
8.70357 13.2022
7.00108 14.0328
2.49702 1.62433
14.7563 0.68686
7.1815 7.24347
9.98295 4.97052
7.07876 13.0901
1.48945 13.7078
1.00147 12.8929
11.5017 13.242
9.11411 1.15381
9.87133 6.9116
10.2033 14.5635
12.1472 13.9526
2.70969 13.3462
1.591 1.91932
14.4251 13.4415
15.1528 1.55778
7.92546 12.6473
1.92936 6.74764
5.73444 0.705687
5.32146 12.7657
11.49 7.77184
2.89941 4.24727
4.75193 5.7587
13.9034 11.4647
5.44527 1.63142
1.39042 0.116551
3.10439 11.2409
4.1747 8.83686
11.5111 10.316
5.8496 3.1434
14.6777 12.4953
7.32225 4.54021
8.80578 8.18301
4.18918 9.82672
2.10296 3.68651
5.72092 11.8627
2.16522 0.720589
3.39176 8.24883
14.6253 4.40175
8.39843 1.82573
12.7145 5.10276
5.18174 7.48059
8.05946 11.6735
13.9696 6.69027
9.2452 14.7778
11.9392 11.2252
4.09413 2.91545
14.1759 1.47491
10.969 11.5165
7.86706 5.37913
1.16178 3.99472
2.31494 15.1043
8.58544 3.47854
3.39493 12.6403
7.45587 6.3099
11.8414 1.57598
2.00853 4.69091
3.2004 10.2462
10.6909 12.4947
6.25745 2.22136
13.4305 13.4834
10.4761 2.82767
7.13684 2.75393
5.04427 2.54842
12.0882 9.49064
0.653079 9.17606
10.1916 3.99428
14.271 2.49321
13.3133 5.91136
0.2671 4.49421
13.102 9.71013
8.21854 9.04353
1.2695 10.8933
7.37832 1.75483
6.04142 13.5922
13.4394 0.768264
12.5145 2.35203
10.714 9.67896
11.9838 4.38781
2.22586 9.9034
6.84029 5.49202
3.75059 5.84722
11.4978 2.59892
3.30883 0.00913844
3.85484 3.91859
10.5469 0.139062
6.7901 9.98128
6.18608 7.26404
13.5702 7.64007
5.46357 6.48868
11.1865 8.74213
13.654 12.4609
4.37998 14.4487
14.192 8.50196
0.294224 10.1643
0.0476348 13.2048
9.9502 11.7457
12.2426 3.35913
13.7403 4.93982
14.832 3.38785
7.15535 8.98364
11.7079 12.2453
0.291375 12.159
12.7303 11.9194
6.70631 3.70566
2.75962 5.43571
9.19972 4.32073
9.70033 1.99214
1.35679 11.9438
15.2664 8.42722
0.402967 15.2008
12.5063 7.66379
10.9726 4.72318
11.2249 14.4104
4.06112 10.8581
13.3419 3.02476
12.5004 12.985
14.6592 10.5672
2.55088 8.87636
2.9323 6.52675
3.35912 2.16646
7.38973 10.872
0.544075 5.69137
9.58766 5.91961
15.1013 14.2321
6.18144 14.6555
14.1642 9.58143
5.20582 15.1748
6.28695 10.9715
8.79994 9.94029
10.1006 8.73061
7.76587 8.08104
12.3851 0.522114
12.0338 6.66062
10.6768 5.78633
11.1925 3.63793
0.145812 2.53752
14.6462 7.5073
13.1019 8.62873
4.90153 3.61494
11.768 5.56537
13.0358 4.09826
0.378893 7.37272
5.71529 10.0004
3.29336 14.258
4.6126 4.71367
9.66274 12.811
10.9224 6.88442
5.7464 5.42741
5.157 10.9687
10.5043 13.5616
10.7833 1.77984
13.9905 14.4087
8.52646 6.2375
7.01556 11.9349
1.22295 2.91311
1.67575 5.72465
15.0799 6.45201
2.34942 2.65828
2.55622 7.59041
9.64139 10.6769
2.46577 12.0807
4.37515 1.69158
4.38068 6.75896
0 190
0 227
0 246
0 141
1 144
1 75
1 235
2 217
2 161
2 208
2 34
3 96
3 42
3 63
3 142
3 116
4 220
4 212
4 133
4 26
5 160
5 141
5 147
5 213
5 247
6 240
6 85
6 55
6 126
7 200
7 156
7 217
7 185
8 171
8 180
8 178
9 243
9 68
9 25
9 166
10 135
10 59
10 37
10 86
11 127
11 174
11 28
11 91
12 183
12 218
12 174
12 28
12 79
13 108
13 233
13 73
14 87
14 89
14 81
14 36
14 135
15 130
15 153
15 143
15 44
16 206
16 190
16 232
16 129
17 202
17 181
17 229
17 155
18 123
18 162
18 221
18 220
18 32
19 75
19 165
19 183
19 218
19 216
20 153
20 143
20 195
21 209
21 118
21 148
21 124
22 97
22 252
22 96
22 103
23 73
23 156
23 209
23 57
24 236
24 230
24 66
25 215
25 201
25 92
26 133
26 251
26 65
27 249
27 137
27 175
28 79
28 253
29 102
29 151
29 60
29 243
29 68
30 90
30 216
30 36
30 77
30 37
31 143
31 122
31 197
32 221
32 220
32 168
32 251
33 223
33 166
33 167
33 146
33 40
34 53
34 114
34 194
35 86
35 198
35 242
36 87
36 37
37 84
38 210
38 254
38 250
38 128
38 88
39 168
39 119
39 251
39 139
40 167
40 138
40 206
40 158
41 244
41 222
41 93
42 96
42 103
42 142
42 235
43 67
43 127
43 116
43 48
43 104
44 130
44 198
44 143
44 62
45 159
45 224
45 134
45 202
45 179
46 170
46 163
46 117
47 238
47 52
47 111
47 221
48 67
48 106
48 104
48 227
49 129
49 160
49 83
49 213
50 233
50 73
50 200
50 156
51 178
51 54
51 56
51 78
52 100
52 123
52 221
53 119
53 161
53 136
54 222
54 93
54 191
55 205
55 144
55 85
56 88
56 132
56 118
56 61
57 156
57 185
57 170
57 163
58 64
58 176
58 242
58 146
59 84
59 99
59 130
60 102
60 64
60 68
60 223
61 118
61 124
61 234
62 152
62 157
63 96
63 215
63 201
64 204
64 176
64 223
65 133
65 107
65 237
65 89
66 195
66 122
66 239
66 171
67 201
67 106
68 223
68 166
69 213
69 108
69 233
70 185
70 76
70 163
70 193
71 112
71 236
71 175
71 196
71 172
72 126
72 110
72 245
72 165
72 95
73 250
73 209
74 197
74 140
74 244
74 214
75 85
75 110
75 183
76 208
76 114
76 121
76 193
77 216
77 109
77 84
78 191
78 234
79 218
79 109
79 253
80 109
80 84
80 150
81 237
81 241
81 135
82 162
82 177
82 220
82 212
83 189
83 159
83 134
83 248
84 164
85 144
85 110
86 135
86 99
86 176
87 95
87 90
87 89
88 128
88 132
89 107
89 237
90 95
90 216
91 127
91 104
91 211
91 249
92 138
92 106
93 145
93 178
93 222
94 197
94 157
94 203
94 214
95 107
96 97
97 193
97 199
97 186
98 192
98 207
98 241
98 102
99 130
99 198
100 214
100 238
101 241
101 135
101 204
101 176
102 207
102 204
103 144
104 249
104 246
105 121
105 151
105 186
105 243
105 215
106 138
106 227
107 133
108 247
108 210
108 250
109 218
109 115
110 126
111 238
111 202
111 181
112 147
112 125
112 175
113 236
113 172
113 239
113 254
113 180
114 182
115 253
115 150
115 154
116 201
116 142
116 127
117 148
117 205
117 252
118 128
118 124
119 168
119 155
120 150
120 154
120 230
120 195
121 182
121 193
121 186
122 195
122 140
123 222
124 205
125 249
125 141
125 147
126 240
126 219
127 142
128 250
128 209
129 190
129 160
129 189
130 164
131 169
131 232
131 231
131 189
131 159
132 254
132 180
132 178
133 212
133 245
134 159
134 179
134 228
136 139
136 192
137 211
137 154
137 175
137 230
138 166
138 158
139 187
139 192
139 149
140 171
140 145
140 244
141 246
141 160
142 174
143 197
144 252
145 171
145 244
146 242
146 167
147 247
147 196
148 170
148 205
149 187
149 237
149 192
149 241
150 153
151 207
151 182
151 243
152 242
152 173
152 226
153 164
153 195
154 253
154 230
155 161
156 200
156 185
157 197
157 226
157 203
158 206
158 190
159 189
161 229
161 217
162 222
162 191
162 220
163 199
165 216
166 223
167 173
167 188
167 206
168 181
169 188
169 226
169 203
169 232
170 209
171 239
172 196
172 210
172 254
173 242
173 188
173 226
175 236
175 230
177 191
177 234
177 212
178 180
179 202
179 228
179 229
179 184
180 239
180 254
181 221
182 194
183 235
184 228
184 229
184 200
184 217
185 208
186 193
186 215
187 251
187 237
188 226
188 232
189 232
190 227
191 222
192 207
192 194
193 199
194 207
196 247
198 242
199 252
200 228
202 224
203 226
203 225
204 241
205 240
206 232
208 217
210 250
211 253
211 249
212 219
212 245
213 247
213 248
214 225
214 244
215 243
216 218
219 234
219 240
220 251
224 231
224 238
225 231
225 238
227 246
228 248
228 233
230 236
233 248
234 240
237 241
246 249
