62 136 7.69885
2.9368 7.11433
7.16905 2.14418
6.4276 5.2319
7.06259 4.6973
1.11615 2.30519
0.78079 1.20728
0.335905 7.1097
7.27116 6.69004
5.5612 1.12908
1.37804 6.14537
3.02247 4.22392
4.75453 1.49294
3.07803 0.2677
7.1745 5.67766
2.48698 0.942884
4.7455 0.590569
0.314013 1.95611
2.23929 3.76149
7.36958 3.06619
1.57889 0.804811
2.22845 4.68151
3.85896 4.62452
6.53219 0.692024
4.78939 7.24874
1.68173 3.00709
3.97745 0.0504701
6.55808 7.27113
2.15885 6.64971
4.59456 2.92782
4.04279 2.11115
3.05969 5.16848
4.81758 6.2782
1.27306 7.08513
2.17902 5.65229
4.76721 5.00744
7.36247 1.23153
0.2175 5.05568
0.76154 0.263716
3.04327 6.18507
6.40459 6.27622
6.35848 1.67029
5.58622 5.62441
3.91026 6.75079
6.42998 2.72488
2.13725 7.6721
0.0333437 4.01608
0.673486 3.15883
3.96728 5.6758
2.69698 2.87173
1.91135 1.76345
7.40501 0.165833
4.64049 3.96617
5.57528 3.38881
3.84718 1.07087
0.385498 6.11646
1.28065 5.07772
5.73301 4.52406
3.65638 3.43114
3.0202 1.81744
5.66022 0.120457
6.63027 3.80691
5.42666 2.25879
0 38
0 27
0 12
1 35
1 40
1 16
1 43
2 56
2 3
2 41
2 13
3 60
3 45
3 36
4 16
4 49
4 46
4 24
5 37
5 19
5 16
6 54
6 7
6 32
6 50
6 37
7 39
7 54
7 26
8 59
8 11
8 40
9 54
9 33
9 32
9 27
10 17
10 57
10 20
10 30
11 53
11 15
11 29
11 61
12 44
12 14
12 25
13 36
13 39
13 54
14 19
14 49
14 58
15 53
15 25
15 59
16 35
17 24
17 48
17 20
18 60
18 43
18 46
19 44
19 37
19 49
20 55
20 33
20 30
21 51
21 34
21 30
22 59
22 50
22 35
22 40
23 31
23 42
23 25
23 59
24 46
24 48
25 42
25 53
26 39
26 59
26 50
27 33
27 38
27 32
27 44
28 29
28 61
28 57
28 51
29 53
29 58
30 33
30 38
30 47
31 47
31 41
31 42
32 44
32 37
33 55
33 38
34 51
34 56
34 47
34 41
35 50
36 55
36 45
36 54
37 50
38 47
38 42
39 41
40 61
40 43
42 47
43 61
43 52
43 60
45 60
45 46
48 58
48 57
49 58
51 57
51 52
52 61
52 60
53 58
56 60
