64 143 7.69803
3.63762 0.86458
5.97858 0.0985601
7.4399 1.23706
2.56325 7.1649
1.13812 1.94179
0.486852 2.88364
1.34 2.77138
2.40064 5.27806
3.37716 6.89793
3.67277 6.08076
3.57854 1.71187
4.93154 4.28296
1.58589 3.60982
6.78066 1.80383
7.5678 3.51285
4.25499 6.76119
3.1117 2.47811
4.47754 3.5005
0.751598 7.02877
1.60489 5.69293
5.95556 5.92578
7.54996 6.82734
3.21248 0.0876116
6.06076 4.35217
6.15267 6.84835
6.85401 6.19236
0.741995 6.09379
0.230312 2.00384
2.30233 0.3383
6.55716 5.18489
0.830293 5.13015
3.32417 5.2156
7.20041 2.65105
4.50537 1.52174
5.19126 2.40969
2.78076 1.21019
5.0303 6.19728
6.60591 3.52974
6.86692 7.53196
5.41826 5.10824
7.60304 5.53747
6.19349 2.58087
2.45984 3.2165
5.82545 1.59868
0.678667 1.10039
3.48658 3.3939
6.57153 0.841468
2.68549 6.2084
1.73786 1.18866
1.71266 4.58815
0.169693 0.155704
5.20329 7.23155
1.70882 6.70275
2.14067 2.19398
3.93496 4.36211
7.34024 4.49187
4.37276 5.37083
1.2771 0.190565
4.14307 2.53057
5.20147 0.704234
0.700926 4.08687
4.24574 0.0909634
5.51598 3.44609
2.79604 4.27358
0 35
0 22
0 61
0 10
1 51
1 38
1 59
1 46
2 46
2 44
2 13
2 27
3 47
3 52
3 8
3 28
3 22
4 44
4 48
4 27
4 6
5 27
5 14
5 6
6 53
6 12
7 49
7 19
7 47
7 31
8 47
8 9
8 15
8 22
9 31
9 56
9 15
10 35
10 16
10 58
10 33
11 17
11 62
11 54
11 39
12 42
12 60
12 49
13 46
13 43
13 41
13 32
14 37
14 32
14 55
14 60
15 36
15 61
16 53
16 42
16 45
17 58
17 45
17 62
17 54
18 26
18 21
18 52
18 57
18 50
19 30
19 26
19 52
20 39
20 36
20 29
20 25
20 24
21 25
21 38
22 28
22 61
23 62
23 37
23 39
23 29
24 25
24 51
24 38
25 40
26 30
26 40
27 44
27 32
28 57
28 48
28 35
29 55
30 60
30 49
30 40
31 63
31 54
31 56
32 41
33 59
33 58
34 58
34 43
34 62
34 41
35 48
36 56
36 51
37 62
37 41
38 46
38 50
39 56
40 55
41 43
41 62
42 53
42 45
42 63
43 59
43 46
44 57
44 50
44 48
45 58
45 63
45 54
47 52
48 57
48 53
49 63
50 57
51 61
54 63
54 56
55 60
59 61
