62 138 7.67991
5.60396 1.35108
4.82254 5.58856
6.34756 6.32229
0.340722 6.70008
6.50458 1.31791
3.11707 6.325
0.0104672 4.01455
5.62702 5.86569
6.69288 7.44713
7.01545 5.78976
6.99617 0.597087
1.15361 6.34233
2.06248 3.46721
7.14606 6.67785
2.22497 4.70444
2.80352 3.99876
4.2293 3.24868
2.042 6.56612
3.87585 1.32247
0.600218 4.69774
5.87474 2.19424
3.73912 4.03968
5.26966 4.82062
3.28967 3.19904
2.08817 7.51312
2.00107 1.73572
0.316626 2.37279
7.38964 3.14215
5.69519 3.95829
4.93871 6.48977
2.9886 1.71427
4.29259 4.83894
0.636665 0.634592
2.44501 5.68177
6.68731 4.11333
1.41603 4.16992
7.32655 4.89034
7.63872 7.55697
3.99462 6.83608
2.49269 2.60336
4.7972 7.50163
3.90769 5.79577
0.992914 1.61002
3.05826 7.27726
4.77768 0.875901
6.89032 2.20093
3.85404 0.315415
3.82407 2.33077
5.77933 7.09252
1.66926 0.765956
6.00455 0.478548
4.85058 1.95743
0.745427 3.33129
7.60276 1.39686
1.0682 7.34984
6.33345 3.12211
6.27228 5.10491
5.21985 3.00985
3.2231 4.94324
0.343489 5.7133
2.788 0.665104
1.42178 5.34689
0 44
0 50
0 51
0 20
1 31
1 22
1 41
1 7
1 29
2 7
2 9
2 48
2 13
3 59
3 37
3 13
3 54
4 50
4 10
4 45
5 33
5 41
5 43
6 27
6 36
6 19
7 56
7 29
8 48
8 37
8 13
8 50
8 10
9 56
9 36
9 59
9 13
10 37
10 50
10 53
11 59
11 61
11 54
11 17
12 39
12 35
12 15
14 35
14 58
14 15
14 61
15 23
15 58
15 21
16 47
16 23
16 57
16 21
17 33
17 24
18 46
18 44
18 47
18 30
19 36
19 35
19 59
19 61
20 45
20 57
20 55
21 23
21 58
21 31
22 31
22 56
22 28
23 47
23 39
24 54
24 43
24 49
25 49
25 42
25 30
25 39
26 53
26 42
26 27
26 52
27 55
27 52
28 57
28 55
28 34
29 40
29 38
29 48
30 60
30 47
30 39
31 58
31 41
32 37
32 54
32 49
32 53
32 42
33 58
33 61
34 55
34 56
34 36
35 52
36 56
36 59
38 41
38 43
38 40
40 48
40 46
40 44
41 58
42 49
42 53
43 60
43 46
44 46
44 51
45 53
45 55
46 60
47 51
48 50
49 60
51 57
55 57
59 61
