256 578 15.3517
9.01328 6.93372
11.4465 6.99105
4.2641 4.65871
11.6807 7.78501
8.44256 2.99626
12.0835 8.50966
2.28277 2.854
3.35063 6.99419
5.151 14.7293
6.96105 3.78249
8.78557 14.322
14.4587 0.074621
2.17675 3.68353
5.78611 7.83266
12.13 1.81326
4.85908 13.9447
7.32315 8.82558
2.54493 0.485141
3.23087 13.1065
1.81098 12.347
8.80476 5.84458
0.931509 4.97218
9.15137 3.45681
11.975 12.8912
3.50017 13.9227
2.65859 5.25084
9.4933 5.32771
12.9518 14.3438
7.51212 6.95469
4.68258 2.12723
7.37503 7.97319
14.836 2.03764
13.978 2.15731
2.16295 4.53632
7.9581 2.29493
7.62751 3.24548
4.75085 8.37583
1.16364 11.7739
8.26875 6.52727
5.47692 1.775
14.5505 11.6004
13.4615 9.20925
1.78731 7.67373
11.1653 14.8407
4.70364 12.3495
10.1627 4.76232
2.99581 7.78129
0.173576 5.40933
3.19686 1.06976
12.5118 13.5887
9.96425 13.1242
11.6697 9.27365
14.7855 3.81615
2.34324 8.3735
7.39332 1.61155
14.2951 8.89242
11.189 8.50054
4.2162 9.08861
4.93614 11.4907
12.573 9.22332
8.43194 1.53919
1.65299 2.25677
15.0126 12.3583
6.47684 4.51334
11.1053 3.21724
3.84761 12.0608
9.85132 0.473353
6.7097 12.2107
4.92138 10.5814
15.094 9.49534
4.96842 7.50086
6.56843 8.36068
6.80421 13.9423
4.93186 0.223126
6.83131 6.37113
0.96852 5.86537
2.15034 14.9911
2.65144 14.2043
13.193 10.0738
10.6716 14.0745
1.95613 6.25902
8.3048 12.5584
12.5533 7.7043
4.84215 6.57652
5.86935 10.0559
5.70623 6.94312
15.0395 0.749507
8.82287 0.578294
14.2856 1.30863
2.45674 7.04609
3.93574 6.31954
1.44264 3.16407
1.20446 1.44095
9.25526 15.0874
10.8809 13.0507
3.88165 1.6909
11.506 1.15766
13.4157 7.31907
6.75568 11.2817
3.12518 10.0542
1.75331 5.34516
10.8086 7.61851
10.4742 5.63298
8.43604 5.01037
4.97759 2.99565
1.70754 14.1496
1.64012 0.580159
15.2568 7.4516
0.58171 12.4826
6.78603 10.3289
0.618495 9.16575
10.6204 6.6432
3.03615 3.35906
0.244401 1.52334
5.63692 4.9458
15.0807 2.92912
10.3276 12.2599
11.2601 2.0977
10.2468 8.40767
0.45579 10.1307
12.0671 14.6034
10.8039 0.401304
6.62131 5.44249
6.0522 3.67399
8.67486 9.69168
1.50778 8.78278
13.677 0.556539
14.1578 12.7595
1.32043 4.12992
5.2525 13.1156
13.311 8.29114
0.530456 3.51698
9.08112 10.5908
4.09694 10.0366
5.0015 9.62758
14.5433 4.73201
0.655707 0.629914
9.65799 11.4037
13.3212 1.49384
3.95134 2.70567
2.0343 11.4405
10.0827 3.57072
11.785 0.210168
10.2241 14.9384
13.7536 14.8264
12.4719 0.953891
14.6256 5.73407
1.39447 9.78229
0.157232 4.45012
11.576 13.74
12.8863 3.49885
11.1267 10.3134
13.0919 2.49008
7.02878 2.50555
6.56268 9.36057
10.9131 4.17115
2.93374 6.15858
6.42928 1.66193
4.73076 1.17745
13.6266 11.8911
12.7408 4.52588
7.90404 10.78
6.81347 0.643729
7.84699 0.757613
5.79193 11.0405
14.9229 10.6158
8.30863 3.92667
2.99618 11.1
15.0051 13.3317
1.21282 10.8106
9.86342 7.31374
10.3619 2.57284
8.86577 13.3783
8.64496 11.5231
13.7101 4.12927
2.19472 10.4258
1.15609 13.3042
11.9151 3.88582
5.73675 5.95422
13.9092 10.8858
11.346 12.1586
11.6601 4.91117
9.68391 14.0546
5.81413 14.0512
10.0748 10.2847
6.27531 13.0955
9.25277 4.40279
12.4079 12.0316
3.62063 5.36012
9.67701 6.26677
0.0253106 15.1548
3.96154 0.452711
9.58554 9.20506
3.99128 3.74138
10.5149 1.39265
14.6795 14.3424
15.2022 8.49606
14.1767 9.86829
4.04614 11.0761
2.36806 9.367
13.1261 12.8247
9.24093 8.17634
6.62453 7.35519
3.13106 4.39288
3.0179 2.23581
7.62406 11.8129
7.63582 9.74496
3.15292 15.0824
14.0609 3.12656
6.02692 15.1161
12.8182 15.316
11.7664 11.1622
9.29693 12.3876
7.47939 4.60983
3.27499 8.74301
9.43002 1.38903
12.1772 10.1429
8.22354 15.1068
10.6665 9.36204
13.3955 6.29129
8.29084 8.7185
10.6885 11.2825
5.75178 0.826371
12.5266 5.58367
12.8509 11.0368
12.3687 6.6953
3.98632 7.74074
5.96289 2.63678
0.669492 2.47093
0.106267 6.41844
5.65034 8.803
4.20053 13.2161
5.69729 12.1533
14.3964 6.77614
0.821455 7.97606
9.27551 2.47888
14.292 7.88344
13.59 5.2054
13.7505 13.7443
4.17318 14.6634
0.205712 11.4916
2.25047 1.43389
4.71598 5.53968
1.13756 6.88987
8.29262 7.58918
0.417945 14.1146
1.11887 15.0162
7.37114 12.9978
12.0521 2.80274
2.2509 13.2434
7.65206 5.72582
7.8388 14.0379
7.1193 14.9369
11.4674 5.99885
5.05625 4.05574
2.81507 12.192
0 38
0 189
0 244
0 170
1 111
1 253
1 225
1 101
1 3
2 193
2 254
2 242
2 188
3 101
3 82
3 56
3 5
4 34
4 35
4 235
4 22
4 166
5 51
5 59
6 61
6 204
6 91
6 112
6 12
7 156
7 89
7 90
7 46
7 226
8 183
8 15
8 239
8 209
8 73
9 35
9 123
9 63
9 213
10 251
10 172
10 182
10 217
10 93
11 144
11 190
11 126
11 86
12 91
12 33
13 85
13 70
13 202
13 230
14 96
14 145
14 117
14 248
15 231
15 183
15 129
15 239
16 30
16 154
16 71
16 220
16 206
17 207
17 106
17 48
17 241
18 255
18 249
18 24
18 231
19 37
19 140
19 249
20 103
20 26
20 38
20 189
21 148
21 128
21 75
21 47
21 100
22 235
22 186
22 141
23 180
23 187
23 149
23 49
24 231
24 77
24 239
25 33
25 203
25 100
25 188
25 156
26 186
26 45
26 189
27 49
27 238
27 210
27 120
27 144
28 74
28 38
28 202
28 244
29 158
29 95
29 39
29 139
29 104
30 202
30 244
30 71
31 32
31 113
31 115
32 138
32 88
32 208
32 152
33 128
33 203
33 100
34 54
34 60
34 153
35 153
35 166
36 226
36 70
36 57
36 230
37 240
37 169
37 140
37 108
38 250
39 222
39 158
39 157
39 227
40 179
40 240
40 62
41 59
41 130
41 55
41 78
41 197
42 243
42 89
42 234
42 53
43 79
43 143
43 120
43 142
44 58
44 65
44 232
44 231
44 129
45 186
45 155
45 102
46 89
46 226
46 53
46 214
47 148
47 146
47 229
48 191
48 241
48 95
49 200
49 149
50 212
50 116
50 182
50 94
51 218
51 59
51 216
52 208
52 115
52 148
52 135
53 125
53 214
53 199
54 163
54 157
54 153
55 236
55 196
55 197
56 118
56 218
57 214
57 133
57 134
58 68
58 198
58 164
58 232
59 216
60 163
60 215
61 241
61 92
61 228
61 91
62 240
62 127
62 108
62 168
63 123
63 213
63 114
63 122
64 171
64 248
64 155
65 198
65 255
66 143
66 121
66 215
67 98
67 232
67 205
67 185
67 247
68 134
68 198
68 164
69 196
69 110
69 197
69 119
70 85
70 83
70 226
71 202
71 230
72 183
72 185
72 251
72 252
73 191
73 222
73 158
74 122
74 250
74 202
75 100
75 243
75 229
76 105
76 246
76 207
76 77
77 249
77 105
77 207
78 216
78 197
78 224
79 182
79 149
79 143
80 100
80 243
80 156
80 89
81 205
81 212
81 247
81 172
82 225
82 97
82 130
83 242
83 90
83 85
84 154
84 134
84 109
84 164
85 178
85 202
86 190
86 136
86 88
86 113
87 217
87 93
87 163
87 215
88 126
90 188
91 228
91 131
91 128
92 136
92 113
92 241
93 217
93 143
94 116
94 180
94 149
95 158
95 204
96 142
96 145
96 194
96 117
97 219
97 236
97 130
98 109
98 164
98 205
99 199
99 175
99 133
101 170
101 118
102 189
102 253
103 213
103 186
103 250
104 227
104 254
105 176
105 249
105 246
106 246
106 136
106 241
107 229
107 236
107 234
108 240
108 176
109 154
109 206
110 196
110 125
110 119
110 147
111 189
111 253
111 170
112 203
112 193
113 136
113 228
114 254
114 178
115 208
115 228
115 131
116 221
116 212
116 180
117 194
117 171
117 248
118 201
118 192
118 218
119 165
119 147
119 169
120 149
120 210
120 142
121 143
121 142
121 194
122 250
122 178
123 227
123 254
124 220
124 192
124 206
124 132
125 234
125 199
125 147
126 210
126 138
127 200
127 159
127 238
127 168
128 131
129 232
129 231
129 185
130 236
131 228
131 148
132 184
132 173
132 137
133 134
133 198
134 230
135 174
135 148
135 237
135 146
136 246
136 190
137 173
137 221
137 212
138 145
138 152
139 204
139 193
140 175
140 169
140 167
140 255
141 171
141 155
142 210
142 145
143 182
144 238
144 210
144 195
145 210
146 233
146 229
147 199
147 175
150 248
150 152
150 177
150 174
151 218
151 184
151 216
151 221
151 211
152 248
153 157
153 227
154 230
155 177
155 181
156 188
157 222
157 227
158 191
158 222
159 179
159 200
160 177
160 174
160 223
160 237
161 206
161 173
161 205
162 252
162 222
162 163
163 217
165 197
165 179
165 240
166 213
166 186
167 175
167 198
167 255
168 245
168 195
169 175
170 189
170 201
171 235
172 212
172 182
173 205
173 212
174 208
174 237
175 199
176 245
176 249
177 248
177 181
178 242
179 197
179 224
180 221
180 211
180 187
181 223
181 253
183 185
183 209
184 218
185 232
185 247
187 211
187 224
187 200
188 203
188 242
190 245
190 195
190 246
191 207
192 201
192 218
193 203
193 254
194 215
195 238
195 245
196 236
196 234
199 214
200 238
201 244
201 220
204 241
207 239
209 252
209 222
211 216
211 221
211 224
213 250
215 235
216 224
217 251
217 252
219 223
219 237
219 225
219 233
220 244
223 237
223 253
223 225
225 253
229 233
229 243
233 236
234 243
245 246
247 251
251 252
