63 141 7.68847
0.419783 6.51932
7.51229 7.09825
6.16865 6.03867
2.28705 2.98366
4.80923 7.28816
5.87712 7.56365
5.05825 3.45774
3.12422 3.1708
6.97475 1.16151
1.87103 4.45556
1.66129 3.60144
7.59109 2.83375
0.512253 2.1875
2.50117 5.82402
5.16877 0.400666
0.973843 5.8495
7.31661 1.98072
1.73275 5.34051
2.52785 3.8408
6.76407 5.38335
0.231488 0.189209
6.04723 3.52687
7.64364 4.31387
5.83122 5.21147
6.0196 0.776235
5.45724 4.28445
6.48786 6.88096
3.45093 4.03236
0.962787 7.24735
3.75708 7.07122
2.08323 0.97136
7.02177 3.57483
6.64703 2.66026
5.5193 6.69368
7.23027 6.22915
6.23059 1.74106
2.7711 6.88742
2.2343 2.04425
4.45375 4.2483
4.55894 2.31518
1.28872 1.60768
0.917541 4.60107
3.51048 2.29598
1.14746 0.565801
3.02578 1.35349
4.08259 1.40005
6.47141 4.4352
1.37581 2.66511
4.10153 3.25096
3.45518 6.08814
3.0547 0.26764
2.00728 7.61542
4.5198 6.35333
0.280507 1.21131
4.16215 0.334916
3.70391 5.03028
0.105676 5.32986
4.79884 5.27401
5.58628 2.60233
5.19251 1.42716
1.74876 6.52142
6.87527 0.166694
0.650144 3.52456
0 34
0 15
0 1
0 28
1 34
1 61
1 20
2 23
2 19
2 33
2 26
3 37
3 47
3 18
3 7
4 52
4 33
4 54
4 14
5 26
5 24
5 14
6 48
6 58
6 25
7 42
7 18
7 48
7 27
8 61
8 53
8 35
8 16
9 18
9 10
9 41
9 17
10 62
10 47
10 18
11 16
11 12
11 31
11 62
12 53
12 16
12 40
12 47
13 17
13 49
13 60
14 54
14 24
14 59
15 56
15 17
15 60
16 53
16 32
18 27
19 46
19 23
19 34
19 56
20 28
20 61
20 53
20 43
21 58
21 31
21 25
21 46
22 31
22 62
22 41
22 56
23 46
23 57
24 61
24 59
24 35
25 38
25 46
26 34
26 33
26 61
27 48
27 55
28 60
28 43
29 49
29 52
29 36
29 54
30 51
30 43
30 40
30 44
31 32
31 46
32 35
32 58
33 52
34 56
35 59
35 58
36 49
36 60
36 51
37 40
37 44
37 47
38 48
38 55
38 57
39 42
39 45
39 59
39 48
39 58
40 53
40 43
40 47
41 62
41 56
42 44
42 45
43 51
43 53
44 50
44 45
45 54
45 59
47 62
49 55
49 52
50 51
50 54
51 60
52 57
55 57
