255 576 15.2996
8.80458 2.60659
2.96414 11.3742
2.76807 3.07116
1.33146 13.3941
8.14789 14.7045
8.24042 13.8716
3.50104 4.5871
14.2059 14.2698
14.3065 5.00556
12.9554 6.42866
11.3189 8.6872
8.65814 1.78959
11.852 3.65334
0.224174 5.9713
8.88959 0.98367
4.37758 13.4543
3.78465 10.9417
6.89067 5.56198
3.34266 1.33065
4.53534 2.75743
9.41386 4.71271
6.80171 13.4014
6.64568 4.7414
8.42358 12.6981
6.76006 12.5489
4.96656 0.355697
6.23603 7.28428
3.20053 3.79987
9.9672 7.52568
14.701 15.0731
6.05327 5.3726
9.47219 9.23232
12.9901 12.7848
9.50439 3.08247
11.4605 1.15602
6.90223 10.5803
12.1567 8.89233
12.9652 7.28919
2.14158 9.98863
11.9341 2.79941
2.64883 4.72062
13.6376 3.36747
6.03848 1.55246
13.3521 0.594042
8.94498 14.3738
9.14734 3.88245
10.6711 8.10568
0.650407 6.72375
9.11706 15.2505
1.17431 10.6255
8.70849 9.66741
10.7353 13.6856
3.70891 11.8087
1.25149 11.5206
7.41435 15.1732
0.432464 9.20129
14.2356 0.586765
12.6073 13.5864
11.4721 6.22909
10.6939 0.411742
5.94476 13.1825
4.08899 12.6224
14.6587 5.80543
3.10449 12.4834
4.81243 6.40639
1.43314 15.0558
12.1724 11.5547
12.5953 8.10788
12.2091 1.94044
0.863111 0.739114
14.9082 12.4677
5.79583 0.682718
3.22279 5.41698
9.813 8.40545
13.51 8.01101
3.87837 14.1761
1.37059 6.1802
7.57015 4.99256
10.0319 13.1101
11.3196 11.916
7.67185 13.1893
14.0531 8.76753
14.7551 4.24256
4.38414 14.9646
3.49042 13.3247
5.16976 5.55716
11.2898 5.32143
0.486294 12.157
8.043 9.03294
14.5255 3.3469
7.26184 4.07938
13.7979 4.26952
12.1654 6.84158
5.22254 13.7718
8.20754 3.2626
10.697 10.23
9.82725 6.62573
2.3659 15.0061
1.22319 9.69809
0.943804 5.34588
10.9179 12.773
8.531 11.7077
4.15282 8.063
13.0509 4.87136
13.7803 15.0687
7.10222 7.59174
13.0939 14.3863
4.04111 5.88165
0.75418 4.39889
3.669 3.01591
8.86976 8.53563
10.0266 15.0509
2.99801 10.4735
6.10864 8.19496
7.93662 2.34059
3.97197 9.01053
12.6796 15.2582
5.87098 9.14406
5.64578 11.2541
15.1577 0.705781
0.817206 14.1426
10.5466 1.34642
2.29356 11.9871
4.86189 1.27319
2.81726 0.57519
10.6866 11.1996
15.1262 14.2394
3.02272 7.37794
11.0655 3.16654
13.559 13.5294
14.4171 7.69358
1.81059 14.176
13.0989 8.92184
12.5414 9.75437
12.6879 10.7462
3.10159 2.22161
7.8007 5.93715
3.18594 6.37906
9.59944 5.63062
13.6879 10.8756
8.24426 0.325313
0.910349 2.4879
1.69681 4.71005
1.82318 0.639263
6.19374 14.1088
3.20607 8.36282
10.5508 5.95549
10.2705 2.53932
9.77495 0.710711
11.6558 13.4415
12.0858 12.519
11.0927 4.18206
1.41542 12.4717
9.85708 14.0739
5.87804 12.2204
6.74066 9.64782
7.99285 8.05357
3.89451 10.0089
1.97332 9.04127
0.333514 10.1535
2.40852 1.48979
0.337112 11.1846
4.08247 1.92456
5.04487 12.8001
15.2897 5.06
14.3709 11.6462
2.24877 3.84596
0.188382 3.56738
7.63275 12.1727
1.38694 1.57539
6.293 3.85223
13.9228 12.5753
14.5727 13.394
9.06495 13.4058
2.21824 8.02053
9.60423 1.74066
0.350735 1.58046
10.1185 3.82882
1.36261 7.38898
7.21777 3.07245
7.70615 11.1247
14.0244 2.47203
6.18825 2.80013
7.34211 14.1935
5.30975 2.19863
15.0242 8.52285
14.5391 1.53167
4.24541 3.85358
11.5091 9.6246
9.68213 10.1787
2.09703 10.9706
8.25099 4.2633
14.712 10.6615
10.3582 4.92122
0.321222 7.64492
12.3209 5.70488
3.38443 15.0351
2.84594 14.0994
13.6232 9.82694
4.39821 4.91687
10.9712 14.6448
5.09592 8.46279
13.8372 6.82504
11.2287 2.11783
8.84423 6.35234
2.20679 6.73728
1.25063 3.48568
5.37504 14.7732
12.0435 4.64903
4.70968 11.7906
11.6673 0.183894
12.4345 0.967815
6.79042 0.897343
11.6178 10.7089
8.61136 5.27753
12.0505 14.4296
7.81861 1.29792
12.7993 3.86368
4.02299 0.629702
10.7984 6.98743
13.16 11.8014
2.22982 5.63133
4.87821 9.5447
8.9716 7.48947
9.63879 11.2723
8.69629 10.6736
7.9624 6.99281
14.9452 6.77513
6.7089 11.5561
1.08698 8.43787
1.98162 2.48999
13.6427 5.73022
9.3536 12.3495
13.3592 1.60076
4.02464 7.03479
6.40852 15.1555
6.94141 2.00426
7.07656 8.63329
14.7104 9.5688
5.45717 4.55981
0.352942 13.1888
10.476 9.20514
7.75574 10.0316
0.411746 15.1173
12.9338 2.65911
2.98591 9.41735
5.8269 6.36139
2.29127 13.1247
6.93102 6.55604
4.75276 10.6723
5.27548 3.42903
5.80766 10.2065
5.22596 7.35167
15.1308 2.52203
11.6318 7.74435
0 114
0 11
0 94
0 33
1 112
1 190
1 122
1 52
2 135
2 230
2 109
2 166
2 27
3 152
3 247
3 120
3 131
4 5
4 183
4 54
4 44
4 140
5 80
5 173
5 183
5 44
6 27
6 72
6 40
6 199
7 172
7 104
7 126
8 91
8 82
8 231
8 62
9 195
9 231
9 92
9 202
9 37
10 254
10 46
10 241
10 36
10 188
11 14
11 216
11 114
11 175
12 128
12 39
12 151
12 217
13 164
13 62
13 227
13 47
14 140
14 148
15 61
15 163
15 84
15 93
15 75
16 112
16 157
16 249
16 52
17 30
17 22
17 77
17 248
18 124
18 218
18 160
18 135
18 162
19 162
19 184
19 109
19 250
20 45
20 214
20 193
20 138
21 24
21 144
21 60
21 80
21 183
22 170
22 90
22 30
23 168
23 232
23 80
23 173
24 228
24 154
24 168
25 83
25 207
25 218
25 71
25 123
26 246
26 248
26 252
26 113
26 105
27 109
27 166
28 96
28 219
28 223
28 73
29 104
29 126
29 243
30 239
30 85
30 246
31 110
31 241
31 73
31 50
31 189
32 150
32 220
32 171
32 57
32 129
33 147
33 45
33 177
34 210
34 211
34 121
34 203
35 155
35 242
35 228
35 180
36 67
36 132
36 188
36 133
37 92
37 202
37 67
37 74
38 158
38 245
38 190
39 203
39 68
39 128
39 244
40 166
40 221
40 142
40 72
41 244
41 181
41 89
41 217
41 91
42 71
42 212
42 184
42 236
43 116
43 104
43 211
43 56
43 233
44 173
44 153
44 48
45 191
45 177
46 254
46 73
47 227
47 76
47 194
47 178
48 111
48 140
49 159
49 98
49 190
49 53
50 88
50 242
50 225
51 100
51 153
51 78
51 149
51 200
52 63
52 61
52 209
53 161
53 152
54 235
54 183
54 140
55 185
55 229
55 159
55 98
56 104
56 119
56 186
57 149
57 129
57 215
57 106
58 86
58 195
58 146
58 219
58 92
59 111
59 148
59 210
59 121
60 163
60 154
60 93
60 144
61 163
61 84
62 231
62 164
62 227
63 122
63 247
63 84
64 107
64 85
64 234
64 246
64 252
65 243
65 131
65 97
65 143
66 213
66 134
66 79
66 150
66 220
67 254
67 74
67 132
68 211
68 203
68 244
69 243
69 143
69 176
69 169
70 165
70 171
70 87
70 172
70 240
71 235
71 212
72 221
72 107
72 137
73 110
73 241
74 130
74 81
75 84
75 196
75 83
76 99
76 221
76 205
77 191
77 136
78 232
78 100
78 153
79 125
79 100
79 150
81 132
81 185
81 238
82 89
82 167
82 164
83 196
83 207
83 218
84 197
85 239
85 199
85 246
86 208
86 193
86 146
87 161
87 152
87 240
88 156
88 237
88 242
89 181
89 253
89 167
90 179
90 170
90 191
91 103
92 254
93 163
93 207
94 114
94 179
94 191
95 241
95 189
95 188
95 125
96 204
96 146
96 219
97 197
97 196
97 124
98 158
98 159
99 108
99 164
99 142
100 149
101 180
101 225
101 232
102 234
102 145
102 115
102 201
103 217
103 208
103 231
104 106
105 248
105 226
105 156
105 237
106 129
106 215
106 116
107 199
107 137
108 206
108 167
108 164
108 142
109 135
109 187
110 156
110 223
111 153
111 200
111 148
112 245
112 157
112 190
113 117
113 237
114 236
114 216
114 179
115 145
115 245
115 157
115 222
116 215
116 210
116 211
117 201
117 251
117 155
118 251
118 249
118 154
119 243
119 186
119 176
120 240
120 126
120 243
120 131
121 148
121 175
121 203
122 190
122 152
123 218
123 162
123 184
124 196
124 143
124 160
125 224
125 213
126 172
126 243
127 205
127 234
127 174
127 145
128 147
128 151
129 171
129 172
130 202
130 227
130 185
131 197
132 133
132 198
133 188
133 134
134 139
135 160
135 162
136 214
136 248
136 226
137 205
137 234
138 214
138 193
138 204
138 146
139 198
139 192
139 165
139 220
140 216
141 169
141 253
141 230
141 206
142 166
142 221
143 169
143 160
144 207
144 235
145 245
146 193
146 219
147 175
147 203
148 175
149 150
149 215
151 177
151 208
151 193
152 247
153 173
154 228
154 163
155 237
155 251
155 242
156 226
156 237
157 245
157 249
158 174
158 229
158 245
159 238
159 192
159 161
160 169
160 230
161 192
163 209
165 192
165 171
166 206
167 253
167 206
168 180
169 176
169 230
170 250
170 182
170 239
171 220
171 172
172 240
173 232
174 178
176 253
178 205
178 194
178 229
179 236
179 182
180 242
180 228
180 225
181 233
181 186
181 244
181 253
182 184
182 236
182 250
185 194
185 238
187 250
187 199
188 241
188 213
189 225
189 224
191 214
192 238
194 227
194 229
195 208
196 197
196 218
197 247
198 238
199 239
200 215
200 210
201 252
201 222
202 231
202 227
204 214
204 226
205 221
207 235
208 217
209 249
210 211
211 233
212 235
212 236
212 216
216 236
219 254
222 251
222 249
223 226
224 225
224 232
225 242
226 248
233 244
239 250
246 248
246 252
249 251
