64 144 7.71161
6.00111 4.1419
0.8817 7.65138
5.20654 4.3753
3.11986 0.640855
2.16808 2.23259
4.82001 2.0535
3.40628 4.83807
3.4585 3.27806
3.79062 7.54512
5.58502 1.65372
7.46402 4.62845
3.75317 5.63458
3.82081 4.07029
0.526552 1.84607
1.63138 1.54035
7.3439 5.50257
7.13582 3.07509
6.86074 3.96722
4.82673 1.16428
1.03427 3.59561
4.81036 0.23571
1.58426 5.20216
4.00768 0.710224
6.19512 2.33444
2.48709 6.46435
4.64895 5.8682
6.22311 3.28167
1.57348 6.15393
4.19462 2.72326
0.796769 6.74651
1.27859 2.4189
0.0856802 3.76247
1.74915 4.24822
3.98184 1.67211
5.58237 7.36913
7.52182 1.05997
6.4864 5.93493
2.58923 1.40217
4.66153 3.61552
0.356669 2.79814
5.33451 2.83808
7.66368 7.52788
7.29715 2.10485
5.53786 6.33939
6.5388 4.90816
5.53497 5.27416
5.70772 0.686796
6.75022 0.348631
6.52424 1.38474
7.52468 6.47124
2.81287 7.44045
4.38854 4.87848
0.857753 0.903631
1.91804 0.57616
0.624874 5.71123
3.51179 6.59374
6.56452 6.99111
1.74356 7.1894
0.749692 4.59248
2.59897 5.42389
1.99954 3.20994
3.15108 2.33214
2.79699 4.03886
4.59627 6.9245
0 26
0 2
0 44
0 17
1 41
1 29
1 57
1 52
2 38
2 51
2 45
3 50
3 22
3 37
4 30
4 14
4 61
4 37
4 60
5 18
5 33
5 9
5 28
5 40
6 62
6 12
6 51
6 59
6 11
7 61
7 28
7 62
7 12
8 55
8 50
8 63
8 22
9 18
9 46
9 23
9 48
10 31
10 44
10 17
10 58
10 15
11 51
11 25
11 55
12 38
12 62
12 51
13 52
13 42
13 30
13 39
14 52
14 53
14 30
14 37
15 36
15 54
15 49
16 42
16 26
16 39
16 31
17 26
17 31
17 44
18 22
18 20
18 46
19 31
19 60
19 58
19 32
20 63
20 34
20 22
20 46
21 58
21 32
21 27
21 59
22 33
23 48
23 40
23 26
24 27
24 59
24 57
24 55
24 50
25 51
25 43
25 63
26 40
27 54
27 29
27 57
28 38
29 54
29 49
29 57
30 39
30 60
31 39
31 58
32 60
32 58
32 62
33 61
34 43
34 63
34 56
34 46
35 47
35 52
35 48
36 44
36 43
36 56
37 53
37 61
38 40
39 42
41 49
41 47
42 48
43 45
43 63
44 45
46 48
47 56
47 48
49 56
50 57
50 55
52 53
53 57
54 58
55 63
60 62
