128 288 10.8657
2.55352 3.96419
9.15617 6.55311
4.51436 1.16056
9.1849 8.80141
6.37228 1.49616
1.18625 3.084
0.804928 7.99884
0.302252 3.01929
8.21578 6.43283
8.18931 1.0061
8.99584 0.435421
8.98618 1.2958
0.516213 2.20645
3.49233 9.32499
8.60931 7.19388
3.70362 1.40887
5.71253 9.53166
1.75048 6.5102
4.22599 8.86662
4.35699 7.99508
5.99558 5.09137
3.11756 4.61241
2.83376 1.31624
7.81932 5.6603
1.69148 3.97906
7.12079 0.0331072
3.56284 6.48308
4.67783 10.6515
3.50966 7.38173
5.25187 5.59352
10.4696 3.5401
6.07001 8.17275
7.84477 1.80178
3.52781 2.28082
0.165502 8.6114
8.69529 2.13123
3.72007 3.93665
5.18629 4.6881
2.07274 3.14778
1.91928 10.5194
5.58467 10.5664
8.7894 4.65601
1.65792 7.40865
5.19579 6.51333
1.07904 10.1159
0.766536 7.1005
0.0108323 0.693347
1.58441 5.61658
2.51172 5.79497
0.796322 6.14976
10.3596 2.6083
5.18246 0.559721
10.6173 4.46689
9.66498 1.90812
3.49105 8.31825
4.35925 6.98171
7.15936 6.31623
9.93494 6.09835
4.67483 3.88368
5.67182 3.87719
0.924109 9.17118
5.9817 2.32632
0.873052 4.97316
9.90943 7.06669
10.7905 6.59412
2.65522 6.75932
7.43858 3.63843
3.85649 10.1859
10.0735 8.54022
2.67436 8.87246
8.49398 9.40398
4.37637 5.98222
4.49358 2.0902
7.00954 8.02271
6.91661 5.34586
10.627 1.64885
4.11997 3.04638
8.25917 8.07294
10.8657 9.57114
7.9488 2.76364
2.1761 4.81861
6.53329 9.03584
5.36859 1.53737
3.4622 5.51495
4.20987 4.79057
1.12903 0.246433
1.87798 9.52493
0.213312 10.5883
1.90165 1.04169
1.47413 2.17615
4.7568 9.67738
9.28764 7.86874
8.10247 0.0712565
7.00147 2.29271
3.07773 3.17197
7.64659 7.21012
2.53213 2.24937
8.97685 10.3284
7.58804 8.88161
7.21634 1.02282
8.80675 5.66366
5.17095 2.96875
6.48815 10.1281
6.47747 3.23356
2.59977 7.80305
8.49191 3.68103
10.7642 7.64641
10.011 10.6656
6.62977 4.32193
2.81858 10.0444
9.87292 0.890447
6.33845 7.19166
0.847065 1.28607
9.56316 3.98054
9.35461 2.89992
5.19836 8.67614
6.13744 6.08813
6.22756 0.515505
9.78676 9.57337
7.75095 4.65358
5.26051 7.54472
1.68981 8.44527
9.75148 5.07239
2.72229 0.305632
0.668874 3.9368
7.58442 9.98123
10.8182 5.51207
3.86326 0.406317
0 94
0 80
0 24
0 21
1 100
1 14
1 63
1 57
2 127
2 51
2 72
2 15
2 82
3 91
3 70
3 118
3 68
4 117
4 99
4 61
5 89
5 38
5 124
6 45
6 106
6 121
6 34
7 12
7 50
7 30
7 124
8 23
8 100
8 95
8 14
9 99
9 92
9 32
9 11
10 97
10 92
10 110
10 11
11 110
11 35
11 53
12 75
12 112
12 89
13 69
13 18
13 109
13 67
14 95
14 77
14 91
15 127
15 33
15 22
16 115
16 81
16 90
16 102
17 47
17 65
17 42
18 54
18 19
18 115
18 90
19 54
19 120
20 37
20 108
20 29
20 74
20 116
21 80
21 36
21 83
22 88
22 123
22 96
23 119
23 74
23 100
23 56
24 38
24 124
24 80
25 102
25 125
25 117
25 99
25 92
26 83
26 71
26 65
26 55
26 28
27 90
27 67
27 40
27 127
27 51
28 55
28 104
28 54
29 37
29 71
29 43
29 116
30 50
30 113
30 52
31 111
31 120
31 73
31 115
31 81
32 99
32 93
32 35
32 79
33 96
33 94
33 76
34 106
34 78
34 68
34 60
35 79
35 114
36 94
36 76
36 84
36 58
37 84
37 58
37 59
38 96
38 94
39 86
39 44
39 109
39 85
39 123
40 102
40 51
40 117
41 119
41 113
41 105
41 100
42 45
42 121
42 104
43 71
43 55
43 116
43 120
44 60
44 86
44 87
44 85
45 49
45 106
46 87
46 110
46 75
46 112
47 80
47 62
47 48
47 49
48 83
48 65
49 126
49 64
50 75
50 114
51 117
51 82
52 124
52 126
52 122
53 110
53 75
53 114
54 104
54 69
55 120
56 74
56 116
56 95
57 126
57 122
57 64
57 63
58 76
58 101
58 84
59 101
59 103
60 121
60 78
60 86
61 82
61 93
61 101
61 103
62 124
62 126
63 64
63 91
63 106
64 126
64 106
65 104
66 103
66 79
66 108
66 119
66 105
67 109
67 90
67 127
68 91
68 118
69 121
69 86
70 98
70 125
70 97
71 83
72 82
72 76
73 111
73 95
73 98
74 108
74 119
74 116
75 110
76 94
76 101
77 95
77 91
77 98
78 118
78 87
79 93
79 105
81 98
83 84
85 87
85 112
86 121
86 109
87 107
88 123
88 112
89 112
89 96
90 115
92 125
92 97
93 103
94 96
97 118
97 107
98 125
99 117
100 122
102 125
103 108
104 121
105 113
107 118
107 110
109 123
111 116
111 120
113 114
113 122
115 120
122 126
123 127
