251 565 15.3364
13.1733 1.68548
7.75334 14.6057
2.76379 0.735472
11.9734 14.6057
9.71783 2.20352
7.64617 6.20772
14.8848 2.38832
0.186727 4.06909
1.73808 14.4864
8.48299 6.11143
11.7101 9.1656
6.3035 2.57977
4.35168 5.86367
0.150137 13.4253
6.00207 7.06907
8.42684 12.3814
9.31106 9.68269
11.4477 9.97134
8.32505 0.88767
10.0946 10.0108
12.2238 12.6574
13.8898 7.10489
11.992 2.14634
3.78332 2.30026
8.55766 14.3445
2.19007 13.7719
10.2999 12.3537
14.8371 13.9814
12.3456 3.27997
4.70428 12.7335
14.4599 7.7479
12.2106 10.373
0.585089 10.8165
6.98485 3.10411
4.93382 11.6643
11.285 5.63083
0.122431 0.941194
7.25772 1.27808
6.92938 5.73052
11.6056 11.0094
10.1553 13.216
5.23105 7.46888
6.07512 10.2057
3.84938 12.9475
7.77193 7.05862
3.4176 6.03946
1.10725 15.0701
8.19241 4.50699
0.549159 8.83319
12.9079 5.09204
0.656811 12.7192
3.62238 0.850811
11.4961 6.4962
7.56541 0.44062
0.27872 0.0676105
1.17643 1.57959
9.04606 4.22934
9.13891 0.544231
5.20356 10.4376
12.0059 11.8095
13.2226 8.91848
8.55028 3.47403
11.1313 12.0361
1.41698 7.24482
3.73055 4.26384
0.611406 6.81991
1.4082 11.171
2.28772 9.69373
2.1895 8.77696
10.414 2.73335
2.20131 6.77803
1.30686 12.0832
13.8913 12.3603
7.96443 5.39027
7.63978 11.7147
14.9421 9.39385
1.95353 1.09003
0.0526137 4.93759
4.726 3.65889
4.55412 4.66878
10.4181 11.456
1.36871 9.25571
3.76851 5.19015
14.0984 10.6106
2.50799 5.90589
12.525 9.52211
9.28968 13.8145
14.3965 6.35955
14.0412 14.4143
11.8516 1.2528
12.8231 2.50188
14.8516 14.8908
15.0445 7.0505
13.6485 11.4469
11.2257 14.1062
14.0902 8.58134
10.7883 10.5886
7.12424 2.1933
7.64049 3.75839
9.96811 4.33585
1.78371 5.28076
15.0505 10.5099
12.9613 12.1171
15.0379 8.45719
10.0542 0.368712
4.32497 14.992
6.5062 3.88947
0.274036 1.84872
9.7908 8.90462
5.73914 11.2157
9.68777 10.8363
10.2386 8.03841
6.38052 1.58443
1.01307 0.659719
6.2167 5.12782
14.6406 0.495503
4.47583 13.6368
8.79183 10.4346
9.53605 11.8281
11.6565 3.97263
3.02908 13.3971
5.16157 8.52669
4.05925 6.73166
13.8013 1.02087
7.86901 2.81443
2.65636 14.5703
6.88951 14.8895
0.995811 3.64501
4.53393 0.6092
12.7954 15.1025
13.7673 0.018311
1.48202 10.2181
3.37369 15.2676
14.6857 1.48882
2.93181 2.6978
12.7051 11.1708
5.71562 15.251
14.622 4.27291
13.0543 13.0928
3.11965 7.07282
10.09 1.35704
13.6209 4.44826
12.635 4.17945
4.6492 2.68149
5.43678 9.49612
6.87536 6.72576
6.01561 8.00763
5.45097 13.4199
10.0658 5.33166
0.401951 7.76115
4.30834 7.70623
8.3873 15.279
9.25042 7.9672
7.37305 13.7603
13.1624 10.2768
10.9591 0.80885
11.953 4.94179
0.113648 3.13719
3.34243 8.07504
4.04513 12.007
8.09211 9.69923
6.04471 6.1222
8.8416 2.5361
5.13908 14.4048
14.6487 11.4423
2.38873 10.6747
6.16342 14.1745
9.07122 1.51498
10.8778 7.25642
9.48174 6.24115
9.27481 12.814
3.05975 12.3775
2.23165 11.7167
13.0973 14.1243
8.06402 1.81149
10.5416 6.25795
13.9452 2.23066
1.91754 3.18962
5.06352 6.50799
8.59519 11.4375
8.7687 8.89802
4.49512 1.64389
1.38428 6.20759
12.3509 8.44928
10.2231 14.1883
6.69266 12.0302
3.80146 3.27057
4.15879 8.7435
7.52321 12.7136
5.4851 2.07408
6.36525 9.00034
8.36798 13.3873
1.82466 4.26513
8.76016 7.03376
3.04998 1.65559
7.79504 10.7169
3.63628 14.2364
10.7496 9.28979
2.32583 7.77505
13.3168 3.39129
3.23275 11.3205
12.7783 0.812899
1.34198 8.241
11.8557 0.228826
6.73559 10.9475
7.44779 8.84369
10.9204 4.70766
13.9628 9.59783
0.403158 14.3711
5.22401 5.43115
14.0713 13.3664
13.306 7.91263
12.9404 6.87481
2.04348 0.0809275
0.336919 11.7711
13.474 5.91095
7.02671 9.87811
0.511387 9.8324
4.41229 9.79936
3.37419 10.2231
3.14042 9.13514
6.56492 0.554768
10.8713 15.0707
2.04563 2.1073
9.38983 14.8933
14.3896 3.23397
12.3463 5.93976
12.1357 13.6367
11.4077 2.95323
14.4265 5.32072
5.52329 0.971491
2.0444 12.7944
1.02418 2.57807
2.76898 4.90902
8.17237 7.98378
11.2541 8.29207
11.0213 1.89379
7.06206 7.78893
11.1572 13.0595
6.49284 13.1253
5.64424 12.3606
11.9646 7.40775
1.20499 13.5812
14.9066 12.6049
4.2734 10.914
8.98801 5.25112
9.58105 3.34936
5.53514 4.31189
0.0353068 5.97194
7.18605 4.70866
2.8277 3.77768
0 201
0 123
0 176
0 90
1 153
1 126
1 151
1 24
2 213
2 76
2 51
2 194
3 94
3 227
3 203
4 167
4 140
4 162
4 69
5 38
5 73
5 145
5 44
5 9
6 176
6 133
6 107
6 225
6 157
7 157
7 137
7 127
7 77
8 25
8 46
8 125
8 213
9 73
9 245
9 193
10 235
10 197
10 183
10 17
10 85
11 189
11 97
11 33
12 82
12 209
12 122
12 178
13 243
13 50
13 27
13 208
14 161
14 145
14 41
14 146
15 179
15 188
15 170
16 180
16 108
16 117
16 19
17 197
17 96
17 31
18 151
18 53
18 57
18 174
19 197
19 96
19 110
20 102
20 59
20 227
20 138
21 212
21 87
21 30
22 236
22 89
22 228
22 90
23 194
23 181
23 134
23 186
23 143
24 191
24 86
24 224
24 151
25 231
25 242
25 120
25 125
26 80
26 118
26 62
26 40
27 210
27 88
27 91
27 208
28 228
28 90
28 199
28 142
29 43
29 240
29 116
30 92
30 95
30 103
31 85
31 154
31 39
31 135
32 101
32 217
32 214
32 66
33 97
33 124
33 106
34 244
34 109
34 159
34 240
35 206
35 156
35 175
35 52
36 115
36 113
36 54
36 133
36 107
37 221
37 53
37 112
37 174
38 114
38 161
39 96
39 59
40 170
40 238
40 184
41 178
41 150
41 146
42 144
42 58
42 216
42 204
43 171
43 159
43 120
43 116
44 145
44 193
44 237
44 234
45 82
45 84
45 122
46 208
46 113
46 54
46 213
47 249
47 98
47 56
47 73
48 202
48 103
48 81
48 217
49 142
49 141
49 156
49 226
49 215
50 214
50 71
50 242
51 132
51 128
51 194
52 175
52 226
52 168
52 241
53 151
53 221
54 91
54 113
55 113
55 76
55 107
55 223
55 232
56 61
56 246
56 99
56 245
57 224
57 151
57 104
57 167
58 218
58 144
58 109
59 135
59 62
60 211
60 183
60 95
60 85
60 207
61 124
61 162
61 246
62 80
62 238
63 65
63 70
63 202
64 186
64 250
64 79
64 82
65 92
65 248
65 182
65 149
66 131
66 172
66 71
67 68
67 220
67 131
67 165
68 202
68 198
68 220
69 236
69 246
69 228
70 182
70 139
70 84
70 198
71 214
71 172
71 231
72 93
72 243
72 210
73 249
73 245
74 195
74 179
74 185
74 188
75 103
75 207
75 217
76 213
76 223
77 229
77 248
78 186
78 143
78 247
79 247
79 82
79 209
80 96
80 110
80 118
81 202
81 217
81 131
82 233
83 207
83 154
83 101
83 93
83 164
84 100
84 233
85 154
86 170
86 191
86 184
87 229
87 215
87 92
87 248
88 173
88 91
88 130
89 155
89 203
89 201
89 236
90 199
91 208
91 115
92 149
93 135
93 164
93 102
94 238
94 227
94 184
94 222
95 211
95 103
95 207
97 112
97 174
97 124
98 124
98 249
99 246
99 206
99 148
100 192
100 233
100 182
101 217
102 135
102 138
103 149
104 224
104 222
104 155
104 140
105 132
105 196
105 163
105 128
106 247
106 249
107 133
107 232
108 111
108 180
108 197
109 204
110 117
111 152
111 168
111 235
112 230
112 221
112 189
114 247
114 249
114 209
114 161
115 130
115 123
115 133
116 147
116 196
116 163
117 160
117 195
117 179
118 179
118 170
119 228
119 206
119 142
119 156
120 171
120 196
121 146
121 187
121 144
122 139
122 178
122 150
123 201
123 130
123 133
124 174
124 162
125 132
125 196
125 213
126 166
126 221
127 232
127 157
127 177
127 192
128 230
128 181
129 173
129 203
129 201
129 130
131 217
131 165
134 223
134 194
134 186
134 250
135 154
136 163
136 230
136 221
137 225
137 141
137 229
138 227
138 210
138 173
139 198
139 158
140 155
140 167
140 236
141 142
142 199
142 156
143 181
143 189
143 186
144 190
144 218
145 161
145 237
146 237
146 190
147 240
147 239
147 163
147 166
148 206
148 245
148 175
149 202
150 158
150 187
151 224
152 193
152 234
152 180
153 188
153 239
153 191
154 207
155 222
155 203
155 236
156 206
156 226
157 225
157 232
158 198
158 220
158 187
159 200
159 171
160 205
160 180
160 216
160 195
161 209
161 178
162 167
162 246
163 166
164 214
165 219
165 172
165 200
166 239
167 174
168 175
168 241
168 235
169 245
169 193
169 175
170 191
171 172
171 200
171 231
172 200
172 231
173 227
176 225
177 223
177 232
177 192
177 250
178 209
179 195
180 234
181 189
183 241
183 211
183 235
184 224
184 222
185 204
185 240
185 188
185 239
186 250
187 220
187 218
188 239
188 191
189 230
190 205
190 216
192 250
193 234
194 223
195 204
197 235
198 202
199 225
200 219
200 244
201 203
203 222
204 216
205 237
205 234
208 242
210 243
211 212
212 226
212 215
212 241
214 243
215 229
215 226
218 219
218 244
219 220
219 244
221 230
223 232
227 238
228 236
229 248
233 250
234 237
235 241
239 240
