255 577 15.3493
12.4161 11.9407
10.3558 4.14346
6.2828 9.27567
13.9256 12.7656
12.477 1.12262
6.32903 6.28623
3.341 14.8909
14.3174 3.64524
7.96749 9.57518
4.72616 2.67757
0.200428 10.9826
13.6644 0.0668805
1.08282 7.38039
2.86059 6.65088
4.21517 7.94751
14.8835 7.72715
13.3788 0.934643
10.0109 1.44937
13.3353 7.62496
1.58269 3.90771
12.9643 1.80671
2.59275 0.140264
4.36017 0.840724
0.530787 5.02822
0.131152 9.31159
2.96487 9.09154
3.90886 2.44312
10.6536 9.25534
13.7429 13.8297
1.25073 6.54933
10.2109 14.626
5.85205 11.2966
5.81724 14.223
9.02346 0.19453
10.6019 7.64551
3.47993 8.39688
5.37136 1.29351
9.2441 1.04138
7.74524 5.25655
1.66478 11.8057
4.34564 12.4258
1.0339 11.1903
12.2823 9.8189
5.99677 4.66924
5.09556 5.04343
5.47512 3.10803
10.5849 3.3186
0.625044 1.56896
13.132 11.4631
9.05417 2.88747
13.1632 12.3576
11.5146 9.38223
13.5001 2.5969
0.171861 12.9779
13.9567 6.17206
9.78206 9.31671
8.04292 4.41615
13.0852 13.2462
0.425559 10.1412
11.4758 7.46646
12.1677 8.76796
14.8298 6.41798
1.37786 4.75899
6.27082 2.68327
5.83868 5.55673
4.52473 7.12131
9.55873 13.6802
3.81372 6.53795
12.114 6.81202
10.8749 6.78829
13.9329 11.8843
4.08832 13.2904
8.43644 10.3196
9.00696 4.18627
9.50175 12.0228
2.69052 1.02577
10.1839 8.48935
8.36632 6.06861
1.38394 5.67054
5.40069 9.26537
9.95334 6.74912
1.06125 0.766224
4.28167 10.7261
14.0789 8.12541
14.9401 15.268
6.30809 1.75411
9.69409 3.55021
8.33386 3.54697
3.50152 3.87564
10.4494 5.95923
9.26041 1.95406
5.47575 2.19397
6.02733 15.1124
10.4832 13.7558
13.482 5.38558
7.12565 4.30297
4.60347 1.78854
12.4111 13.8807
1.3975 14.4924
8.86108 9.47708
11.4956 10.3036
3.28674 4.8059
3.33263 10.7275
14.8775 8.63212
4.37295 3.50377
10.0288 12.8667
4.26683 15.2766
1.68776 0.0568057
5.02238 14.6792
1.00081 9.01739
8.65575 7.76384
7.38453 12.0986
6.76831 7.08357
6.02563 13.3217
1.50574 8.18357
1.04101 3.17442
10.5355 10.1745
4.63361 9.83735
5.23214 10.6071
14.7261 11.3671
11.512 12.0071
10.5249 12.0281
12.8242 10.5794
3.15527 2.97872
1.30105 2.22804
1.80011 1.37442
9.05024 12.8748
6.71718 14.4275
3.45834 0.454253
11.4385 13.9206
8.60722 13.7664
9.21789 8.56877
12.0008 11.1356
7.13405 2.26889
10.9992 11.1504
9.96701 2.61203
6.96506 13.0014
14.8488 10.3784
13.211 9.66159
12.5775 5.77494
14.193 14.6494
3.19865 5.78915
15.2261 3.46096
8.97979 6.83
9.99289 11.1795
12.5443 2.6368
12.7474 0.239735
8.52273 12.0263
0.796647 13.7084
0.670896 4.09835
1.9408 10.8968
0.200862 7.06691
14.7733 12.3727
11.7601 0.532449
3.62827 9.77101
8.97345 11.1323
9.65015 7.6656
13.8984 1.72544
10.8097 0.937841
7.97471 7.04002
0.0823195 0.769402
14.0048 4.53479
13.3811 3.5525
4.28378 8.89985
2.01194 9.0576
12.3378 3.6412
14.6182 5.46253
10.9757 15.2025
7.54001 13.8516
3.83171 11.6053
11.8711 1.8447
0.360231 11.9164
8.70265 5.1303
2.24532 12.5752
7.19159 9.02381
5.29806 12.61
9.24737 14.6098
11.0392 12.9178
6.17664 0.761087
3.4015 7.43666
6.77353 5.24135
14.146 7.12651
14.937 1.68668
4.26437 4.51963
8.11903 2.58104
4.07857 14.2807
9.5145 10.2523
8.19351 8.66286
12.3975 7.80603
7.33577 10.2733
9.73614 4.86394
5.19447 0.339052
7.91563 11.1777
9.99454 0.262219
13.1067 6.68247
10.8126 1.99817
9.43588 5.89262
8.0078 12.9172
0.278695 2.49442
15.0581 4.49865
7.31669 3.30099
5.23217 4.06055
3.16308 13.698
14.6306 13.423
2.52331 4.11237
2.5395 8.12415
5.02556 13.647
6.82904 11.2255
13.1347 14.6029
12.9436 4.52075
2.02904 7.15343
15.2724 14.3077
14.5004 2.68484
11.9379 4.92523
11.2052 8.43362
7.01121 0.0796893
6.29237 12.1873
8.32976 1.53483
2.43393 14.523
13.8601 10.7671
1.85919 13.5731
11.3223 3.99686
4.90805 11.5994
14.3538 0.759837
8.16565 14.7187
13.1664 8.59888
6.28292 3.70329
11.9934 14.8289
0.410526 6.01057
3.60767 1.49671
0.621884 15.1808
5.15457 8.26215
7.37424 7.9406
1.42253 9.96975
2.30292 5.20282
5.14316 6.30312
4.25412 5.61144
12.132 12.8763
10.8303 5.00475
7.18747 1.19986
0.443373 8.12817
2.09442 3.05933
11.4972 2.87896
2.74364 11.6027
2.62221 2.05582
2.56195 10.009
6.29234 8.28566
14.2638 9.47977
8.05834 0.469952
1.1517 12.6824
7.32471 6.1811
6.23156 10.2658
5.7253 7.27938
3.33775 12.5863
11.5056 5.96626
0 132
0 48
0 120
0 237
0 50
1 46
1 86
1 221
1 190
1 238
2 79
2 246
2 174
2 251
3 70
3 50
3 152
3 203
4 153
4 146
4 170
4 20
5 64
5 112
5 250
6 218
6 185
6 128
7 212
7 142
7 162
7 161
8 187
8 174
8 189
8 99
8 72
9 96
9 91
9 104
9 26
9 45
10 137
10 58
10 119
10 41
10 171
11 208
11 140
11 146
11 223
12 151
12 29
12 240
12 210
12 114
13 141
13 210
13 179
14 179
14 65
14 231
14 35
15 151
15 181
15 83
15 240
15 103
16 146
16 223
16 157
17 37
17 158
17 90
17 195
18 194
18 188
18 181
18 83
18 225
19 115
19 241
19 149
19 204
19 62
20 157
20 145
21 218
21 107
21 128
21 75
22 106
22 191
22 229
23 199
23 149
23 62
23 228
24 103
24 109
24 58
25 164
25 35
25 245
25 154
26 229
26 123
27 76
27 55
27 214
27 51
27 116
28 57
28 203
28 208
28 140
29 78
29 228
29 210
30 93
30 176
30 167
31 118
31 222
31 207
31 216
32 206
32 113
32 108
32 127
32 92
33 176
33 248
33 37
33 193
34 69
34 156
34 59
34 214
35 205
35 179
35 163
36 191
36 178
36 96
36 91
37 90
38 56
38 180
38 172
38 250
39 41
39 150
39 249
39 173
40 169
40 222
40 253
40 175
40 71
41 150
42 51
42 100
42 122
42 138
43 201
43 226
43 64
43 180
44 183
44 201
44 236
44 64
45 91
45 63
45 201
45 226
46 135
46 242
46 86
46 221
47 160
47 81
47 124
47 198
48 122
48 219
48 70
48 50
49 184
49 135
49 86
50 70
50 57
51 214
51 60
51 100
52 157
52 145
52 212
52 162
53 152
53 249
53 203
53 148
54 94
54 166
54 194
54 61
54 181
55 131
55 76
55 99
55 186
56 95
56 87
56 172
57 237
57 97
58 137
58 233
59 69
59 68
59 188
59 214
60 188
60 225
61 166
61 228
61 151
61 181
62 149
62 234
62 78
63 91
63 85
63 133
63 226
64 180
64 235
65 67
65 235
66 126
66 105
66 130
66 93
66 176
67 141
67 236
67 179
68 254
68 194
69 89
69 80
69 254
70 119
70 152
71 253
71 202
71 206
71 185
72 99
72 192
72 155
73 87
73 86
73 172
73 190
74 144
74 147
74 126
75 128
75 125
75 244
75 229
76 156
76 131
76 214
77 172
77 250
77 143
78 234
78 228
79 231
79 117
80 196
80 143
80 89
80 156
81 230
81 160
81 107
81 125
82 117
82 118
82 102
82 169
83 181
83 225
83 103
84 211
84 140
84 230
84 223
84 160
85 178
85 91
85 239
85 133
86 135
87 184
88 123
88 104
88 204
88 183
88 101
89 196
89 238
89 254
90 217
90 135
92 127
92 191
92 215
92 178
93 177
93 129
94 209
94 161
94 139
95 200
95 226
95 180
96 229
97 237
97 129
97 227
97 208
98 148
98 220
98 230
98 218
98 107
99 131
99 186
100 116
100 134
100 132
101 204
101 183
101 141
102 245
102 154
102 243
102 169
103 240
103 247
104 183
104 201
105 126
105 121
105 177
106 185
106 108
106 128
106 191
108 206
108 185
108 191
109 240
109 114
109 164
109 233
110 159
110 143
110 156
110 187
110 131
111 207
111 197
111 136
112 250
112 252
112 232
113 175
113 136
114 240
114 205
114 164
115 124
115 198
115 241
115 149
116 186
117 163
117 154
117 118
118 251
118 222
119 137
119 219
119 152
120 134
120 132
120 121
120 177
120 237
121 144
121 134
121 177
122 138
122 132
122 219
123 244
123 241
124 125
125 244
126 197
126 147
126 130
127 168
127 215
128 229
129 227
130 197
130 224
131 156
131 187
132 134
133 239
133 200
133 184
134 144
135 195
136 216
136 197
136 168
137 247
137 219
138 225
138 247
139 213
139 254
139 194
140 208
141 234
141 236
142 212
142 198
142 199
142 149
143 196
143 159
144 186
144 155
145 170
145 242
145 165
146 227
146 208
146 153
147 192
147 155
147 197
148 249
148 220
148 211
149 199
150 233
150 245
150 243
151 228
151 240
152 171
152 203
153 167
153 227
153 158
154 245
155 186
155 192
157 223
157 182
158 193
158 195
159 250
159 232
160 230
160 223
160 182
161 209
161 199
162 209
162 165
163 231
164 205
164 233
164 245
165 221
165 209
166 199
167 227
167 193
168 197
168 224
169 243
169 222
169 253
170 195
170 242
171 249
172 196
172 190
173 243
173 249
173 253
173 220
174 232
174 187
175 222
175 216
175 206
176 224
177 237
178 191
178 215
178 239
180 250
182 223
182 212
182 198
183 201
183 236
184 217
184 200
185 202
187 232
188 225
189 251
189 207
189 192
190 196
190 238
192 207
195 242
200 226
201 226
202 253
202 218
203 211
204 234
205 210
207 251
207 216
209 213
211 230
213 221
213 238
213 254
215 248
217 248
218 220
220 249
221 242
221 238
224 248
229 244
231 252
231 246
232 246
233 245
235 236
235 252
239 248
241 244
243 253
246 252
