255 579 15.3568
13.2712 13.1081
3.06473 13.8588
1.16556 7.25977
4.24276 5.28811
8.88811 5.11358
11.6225 12.6874
8.50511 8.69321
4.14426 3.50438
0.938442 12.5061
5.44362 0.180042
1.43778 1.57756
9.34391 8.63323
3.37306 3.83529
4.71541 7.7541
6.94981 15.0283
11.1833 13.9226
14.5541 9.57577
1.60372 0.0457433
10.3321 13.9142
14.9588 3.66975
8.15434 5.9435
8.38879 11.4944
10.7716 9.35074
13.0669 5.7414
2.13959 6.22053
14.7787 14.5983
8.83033 0.813818
11.6516 4.53049
3.9639 8.15114
1.3137 13.7315
2.97309 0.926607
2.57621 4.64941
10.0683 7.60199
5.59762 1.0236
15.0037 1.94794
5.20438 2.54222
5.02827 11.0778
3.60734 12.3799
13.0308 14.8062
9.93351 9.56871
2.21133 13.737
11.0775 6.02838
12.5353 0.181191
11.4011 3.68876
11.0465 14.782
4.37603 11.6916
2.9922 14.7082
14.1077 11.1211
13.9106 14.7295
9.48818 14.1534
3.74496 9.83622
3.50491 11.4964
7.23763 0.490864
8.68137 14.5318
12.3254 3.96014
7.4431 3.09137
11.3288 11.2211
4.63847 9.92667
14.7406 6.64505
12.1201 0.977117
3.587 8.94823
1.92983 0.859584
14.7627 2.80439
12.4949 12.7299
5.98215 2.97518
2.25517 11.1749
9.75416 3.55024
3.41326 1.92409
6.60911 6.57173
13.03 3.38412
2.72227 11.9549
14.2353 12.0139
10.9673 7.66688
14.1213 12.9202
8.11011 12.3422
10.9908 12.0715
12.2018 1.88781
6.99279 4.69694
7.18538 12.3729
9.04263 5.98186
5.93301 11.2273
8.00136 5.06
7.07292 7.54493
10.1411 14.7893
0.167157 5.96196
2.97464 6.5688
2.11298 2.73825
2.07845 14.6387
6.92433 11.4806
0.253589 14.2419
5.52233 12.8701
3.75416 6.03093
13.7335 5.14248
6.71505 14.1625
13.8186 13.812
15.2357 4.92377
14.7794 10.483
12.8652 13.9023
8.57446 6.85518
5.26045 11.9571
11.9873 13.5116
12.366 8.81231
3.75827 13.2913
2.50929 0.134407
0.543395 1.73307
6.3098 0.440773
5.81821 4.34436
0.357033 10.7226
12.3188 6.25077
11.7929 5.43988
1.20923 2.44118
13.4061 4.24695
1.12011 14.6339
9.05353 12.4309
6.05021 14.8614
5.74709 6.1681
0.636021 11.6572
9.14989 7.73736
5.1924 6.97657
0.293088 6.91714
10.3623 2.0004
5.8874 1.90755
7.59453 8.74722
3.48604 0.149717
10.5458 4.07344
13.1696 11.0015
13.8976 7.41064
0.0909916 9.78084
11.5916 0.191806
1.75973 12.9107
10.5471 6.80203
10.3804 11.3033
9.77658 10.4988
3.50504 4.74806
5.06938 14.689
13.4791 0.279636
11.3122 2.25893
14.4802 0.131043
1.07586 9.96142
1.64275 11.9107
5.85783 9.23867
0.505039 7.89377
4.44551 4.38213
14.3917 4.41461
10.035 12.2459
1.32504 10.9417
8.72415 13.5704
2.05736 10.2308
11.1909 1.24948
6.88464 9.46445
0.468608 13.2964
9.55045 6.81229
7.94613 1.13067
6.22373 12.1676
4.74257 6.07803
15.0175 11.4425
6.76625 2.40559
6.19795 5.26986
2.82261 9.54069
6.10017 7.41058
11.5464 6.8708
8.78991 1.7606
1.38399 3.42964
8.97845 9.50592
14.8861 7.60827
4.13041 10.7536
13.035 2.40629
9.69372 13.2115
12.6323 4.88891
14.1152 1.08657
4.50249 0.187582
4.53718 12.6522
13.7227 9.11802
12.9474 7.03998
5.50181 8.26931
4.67645 13.6989
7.59007 6.71489
14.5729 5.67703
5.17047 5.12407
10.2899 8.53261
7.68923 10.8376
10.7381 13.0406
9.78979 4.79672
13.784 6.38624
4.84762 1.63954
14.0462 2.1345
14.0194 3.43763
13.8162 10.1893
6.76387 1.35566
9.35326 11.4484
3.93511 1.08106
1.62784 4.45736
10.6125 3.03567
3.22123 7.53993
3.15883 2.89225
14.8208 13.6233
11.3648 8.58715
9.28669 15.3173
1.52723 8.15021
2.79759 12.9441
6.56333 13.1619
2.8556 5.56869
0.859437 5.21708
10.8336 5.06982
13.2332 12.0486
7.69922 14.4047
15.119 12.5055
7.80497 2.17042
2.41516 3.69543
4.1482 6.96851
15.1853 0.979627
1.81371 9.20323
8.72805 10.551
13.19 8.18259
13.0642 1.32754
5.73361 13.8719
9.74402 1.16458
12.1696 10.6615
4.21476 2.53399
6.6599 10.4976
14.9747 8.68527
9.48887 2.57475
5.58437 10.2589
0.918807 0.756278
12.163 11.777
2.64989 8.47399
3.07034 10.5846
10.0615 5.86073
0.56848 4.14875
0.374416 3.04822
6.6629 3.72891
11.717 9.6353
12.1011 2.96542
8.91756 4.13268
10.5453 0.383625
1.1495 6.28411
12.8273 9.74913
7.92235 9.76222
2.40997 1.75516
5.13087 3.54833
4.61525 8.91083
10.8317 10.3379
7.79123 4.04292
7.18345 5.70863
6.57512 8.43717
3.99805 14.5642
7.67758 13.2872
8.1674 0.0621034
8.08417 7.79075
0.728193 8.93644
0.178937 15.2702
2.15599 7.22644
8.47228 3.08073
12.1345 7.78248
12.0428 14.5693
0 63
0 73
0 97
0 94
1 199
1 102
1 46
2 235
2 141
2 251
2 198
3 142
3 133
3 178
3 91
3 154
4 233
4 81
4 182
4 79
5 75
5 63
5 181
5 100
6 248
6 122
6 11
6 163
7 218
7 12
7 142
7 239
8 116
8 139
8 129
8 150
9 134
9 114
9 170
9 33
9 105
10 223
10 61
10 104
10 238
10 110
11 117
11 179
11 163
12 194
12 208
12 133
13 209
13 118
13 28
13 174
14 93
14 114
14 205
14 52
15 18
15 100
15 44
16 172
16 220
16 187
16 127
17 112
17 87
17 223
17 61
17 103
18 167
18 49
18 181
18 83
19 186
19 62
19 229
19 143
20 243
20 81
20 176
20 79
21 180
21 189
21 74
22 179
22 196
22 39
22 241
22 231
23 168
23 92
23 108
23 183
24 201
24 235
24 85
24 251
25 195
25 48
25 250
25 89
25 137
26 197
26 247
26 152
26 216
26 161
27 43
27 54
27 203
27 109
28 193
28 240
28 60
29 129
29 150
29 112
30 123
30 103
30 190
30 238
31 191
31 208
31 201
31 133
32 151
32 130
32 117
32 72
32 179
33 105
33 184
33 121
34 210
34 185
34 104
34 62
35 184
35 121
35 218
35 64
35 239
36 222
36 165
36 99
37 51
37 199
37 171
37 102
38 97
38 254
38 48
38 42
38 135
39 163
39 132
40 129
40 199
40 87
41 203
41 109
41 130
41 160
42 128
42 59
42 135
43 232
43 124
44 83
44 254
44 128
45 51
45 165
45 171
45 99
46 87
46 245
46 123
46 103
47 187
47 96
47 125
47 155
47 71
48 94
48 137
49 146
49 167
49 53
49 83
50 60
50 226
50 158
50 57
51 226
51 165
51 70
52 105
52 247
52 152
52 188
53 146
53 205
53 197
53 247
54 232
54 69
54 168
55 207
55 156
55 252
55 230
55 242
56 241
56 131
56 224
56 217
56 75
57 240
57 222
57 165
58 177
58 183
58 119
58 164
59 128
59 148
59 76
59 214
60 240
60 158
61 223
61 103
61 238
62 185
62 186
62 229
63 224
63 204
63 100
64 156
64 239
64 230
65 147
65 226
65 145
65 139
65 70
66 221
66 192
66 233
66 124
67 190
67 238
67 194
67 218
68 243
68 115
68 176
68 159
69 232
69 186
69 166
69 111
70 199
71 155
71 204
71 73
71 206
72 130
72 160
72 196
73 94
73 195
74 78
74 113
74 246
75 144
75 181
76 136
76 166
77 230
77 242
77 157
77 243
78 88
78 153
78 200
78 246
79 227
79 151
80 222
80 219
80 153
81 242
81 243
82 176
82 159
82 248
82 244
83 197
83 234
84 177
84 202
84 235
84 119
85 201
85 91
85 251
85 193
86 238
86 110
86 208
87 112
87 103
88 219
88 180
88 153
89 195
89 150
89 250
89 112
90 99
90 153
90 215
91 201
91 209
91 154
92 111
92 143
92 177
93 215
93 200
93 114
93 205
94 97
94 195
95 143
95 228
95 177
95 202
96 187
96 127
96 155
96 107
97 100
97 254
98 176
98 151
98 248
99 171
99 153
100 254
101 253
101 213
101 196
101 231
101 236
102 199
102 171
102 175
103 123
104 210
104 223
104 110
105 114
105 188
106 239
106 230
106 178
106 157
107 127
107 155
107 116
107 145
108 109
108 160
108 173
109 203
109 168
110 229
110 162
111 186
111 143
111 168
113 189
113 144
113 167
114 215
114 134
115 157
115 154
115 118
116 155
116 145
117 151
117 248
118 209
118 154
118 159
119 235
119 141
120 216
120 136
120 221
121 188
121 156
122 248
122 244
122 149
122 237
123 245
123 190
123 170
124 192
124 203
125 187
125 217
125 204
126 173
126 183
126 213
126 164
127 249
127 138
128 254
128 234
129 139
129 199
130 227
130 151
130 160
131 132
131 241
131 189
131 144
132 212
132 241
132 189
133 142
133 201
134 215
134 245
134 170
135 169
135 137
136 148
136 192
136 232
137 250
137 169
138 249
138 211
138 147
138 145
139 145
140 174
140 244
140 222
141 164
141 198
141 249
142 239
142 178
143 186
144 189
144 167
145 147
146 246
146 167
147 211
147 226
147 158
148 234
149 244
149 219
149 237
150 206
150 195
151 227
152 247
152 207
153 200
154 178
154 209
155 206
156 188
156 207
157 178
157 243
158 211
158 225
158 226
159 174
160 253
161 207
161 221
162 229
162 228
162 191
162 208
163 237
163 212
164 220
165 226
166 214
166 185
166 232
167 181
169 210
169 214
169 185
170 245
170 190
171 175
172 213
172 236
173 183
173 253
174 240
174 244
175 215
175 245
176 243
177 183
179 196
180 219
180 237
180 212
182 233
182 227
182 203
184 190
184 218
187 236
189 212
191 228
191 202
193 209
193 251
193 225
194 208
196 253
196 231
197 247
198 251
198 249
198 211
200 215
200 246
202 228
202 235
203 227
204 224
205 246
205 247
207 252
210 250
210 223
211 249
211 225
212 237
213 253
216 234
217 231
217 236
217 224
219 222
220 249
221 252
223 250
228 229
231 241
231 236
233 252
233 242
