252 570 15.3718
3.47015 14.0057
14.988 8.16895
8.79561 8.92691
2.11511 2.72767
10.5739 4.55008
11.1099 3.87447
13.6083 0.489197
1.96539 12.927
7.46624 13.3934
1.52247 4.32116
5.44321 6.31497
6.59252 3.49077
14.5187 8.86663
7.97431 9.9436
0.313988 6.44503
14.5452 0.253137
3.12609 10.533
8.75396 14.8061
11.71 9.19111
4.67849 9.94583
1.69966 1.40909
10.3856 10.3314
2.82611 9.73461
9.4883 13.0467
3.04235 3.70217
9.63426 8.90358
10.7863 1.43811
11.3025 3.04508
8.91658 4.91354
0.429576 2.0641
1.36413 3.13104
4.7026 10.8068
14.994 11.5698
4.71884 5.85711
13.8025 13.8855
14.6209 10.7783
6.40899 7.61858
5.5394 11.4021
14.2505 1.05806
9.7156 4.54949
8.82015 9.78585
7.05441 14.1547
3.70016 13.1803
7.15968 7.15096
1.96785 9.90849
12.488 12.6926
12.149 9.94533
11.128 8.53809
15.3409 0.604876
3.3082 4.52956
2.75975 6.27977
13.2856 7.29356
6.24671 9.86929
5.81469 3.8753
11.7746 1.16091
9.70857 9.77655
10.4089 14.3671
8.79276 7.26931
12.6291 0.867114
14.809 6.32608
0.50618 2.94001
10.3134 15.2679
10.0342 7.39234
2.09195 10.7996
2.68698 12.4303
1.90413 13.801
7.0174 5.26719
12.3382 7.49413
4.88591 3.06032
8.43293 0.300046
0.949567 5.83147
15.0478 2.55468
5.46781 10.3419
1.24564 12.4189
12.6025 9.1531
10.2611 8.27853
2.62942 0.996246
9.18935 1.0896
13.0182 14.3304
6.79373 2.59186
2.44165 1.9089
8.56488 3.09035
10.5429 2.56495
12.2456 2.74224
6.36098 11.8014
12.016 8.35545
1.32307 2.22597
0.777075 3.82626
6.96018 9.28717
0.0104399 5.59748
5.20251 8.3098
1.86433 11.714
1.19124 11.0407
8.00403 6.78063
13.394 1.39758
9.1984 3.79338
11.9786 3.64931
2.38385 4.57564
3.78063 0.654933
1.67607 5.22502
6.23914 4.70266
10.9446 7.62734
8.91197 2.00009
2.91706 5.36985
14.172 7.01459
11.194 14.9677
9.33974 8.03307
6.10612 1.93033
13.08 9.97962
6.54526 0.705597
10.106 0.812849
1.82897 6.18241
11.2148 9.95145
7.50163 0.499314
8.65424 6.06136
15.0755 1.49714
10.1114 12.3692
0.55226 11.7702
12.4657 1.80119
2.65895 14.3808
5.83802 0.0246832
3.8318 11.1282
15.247 15.0377
2.12984 3.6389
7.1112 10.2422
14.2132 4.09484
11.0533 0.552919
12.1079 14.6359
5.41918 13.5342
14.0648 10.0185
6.33289 6.68792
8.21896 10.8319
7.21335 6.20504
7.89124 9.02631
1.05483 13.3634
1.81068 0.486743
0.0620539 13.496
9.48103 6.61349
3.75397 9.84898
4.65559 11.7429
10.5064 9.2535
6.29421 10.8268
7.82804 14.9231
15.0616 9.94009
14.4628 13.1991
12.8104 5.53215
2.77593 13.3885
14.4021 5.459
9.38256 0.127404
15.0417 4.66872
8.34006 8.11623
12.863 15.302
13.5742 4.86385
11.0409 12.0057
2.75987 8.00461
4.15952 2.40859
6.14513 5.69438
14.7005 14.1976
10.7655 5.47109
5.42936 9.35887
4.49456 6.78695
5.85273 2.90345
10.1914 3.68898
12.3219 13.6385
15.2229 12.4988
2.25413 7.09836
5.08032 14.724
4.73282 0.336359
0.21458 10.8188
12.0546 11.8311
14.2057 3.07775
11.5003 4.73305
7.95755 2.29891
13.6352 6.16023
7.15232 4.29504
0.770864 1.17039
13.599 9.10548
11.4817 2.09885
6.82022 15.1049
9.26055 11.8128
9.89761 1.80111
15.1585 7.24074
3.96213 3.43556
8.01001 5.2647
13.0037 8.23288
14.0498 8.02693
11.3158 13.969
1.16754 8.92842
5.29555 5.07174
3.3196 8.89604
8.19483 1.26547
1.69965 7.99246
14.1974 2.02445
13.1112 11.933
11.7863 5.76439
2.84634 11.4519
8.52661 12.9183
12.6331 6.54918
11.5305 12.9241
11.5832 6.83023
0.104647 8.98857
6.07773 14.3392
13.4319 12.9761
13.2316 2.50175
4.60571 12.7919
8.25543 13.9649
10.4171 13.3631
10.5331 6.51573
5.65925 12.5184
0.712098 4.8491
15.1424 3.61266
8.1922 11.8881
9.55018 2.82411
3.4254 1.62783
0.6766 14.3565
12.5369 10.8689
4.83596 4.07742
13.6471 10.9836
0.826329 0.0930915
2.24119 8.94426
4.51072 1.39802
4.4231 13.8792
5.56045 1.04166
3.67768 12.1766
3.73298 6.022
11.3741 10.9829
7.21666 12.4375
14.1888 12.1586
6.19737 8.59503
8.23749 4.18613
7.55335 3.29214
2.9528 0.0188945
12.5589 4.50393
1.70653 14.7991
10.2356 11.3108
4.19687 4.99786
5.45289 7.3029
6.47507 13.2956
13.873 14.902
3.10887 2.70723
7.25492 8.16529
13.2523 3.61704
0.592581 7.98018
9.68145 5.56318
0.953921 10.0138
4.25204 7.85202
7.25841 11.2955
9.27689 10.7012
4.40937 8.98617
3.37503 7.10278
9.42376 14.0551
7.11847 1.59266
0 146
0 221
0 42
0 119
1 185
1 181
1 242
1 12
1 200
2 150
2 133
2 25
2 40
3 80
3 30
3 239
3 123
4 162
4 39
4 171
4 158
5 27
5 162
5 96
5 171
6 151
6 238
6 38
7 73
7 64
7 65
7 146
8 226
8 237
8 41
8 205
9 87
9 123
9 97
9 209
10 33
10 156
10 236
11 161
11 230
11 53
12 185
12 176
12 200
13 133
13 124
13 40
13 131
14 89
14 70
14 181
15 238
15 122
15 48
15 38
16 22
16 138
16 195
16 121
17 205
17 250
17 142
17 148
18 47
18 85
18 74
18 112
18 46
19 248
19 138
19 72
19 31
20 175
20 135
20 86
20 80
21 55
21 112
21 234
22 219
22 189
22 44
22 138
23 196
23 116
23 250
23 206
24 239
24 182
24 123
24 49
25 106
25 140
25 75
25 55
26 110
26 126
26 180
26 177
27 177
27 82
27 96
28 229
28 39
28 183
28 243
29 175
29 115
29 86
29 71
29 60
30 86
30 60
30 87
30 123
31 72
31 139
31 121
32 35
32 168
32 227
32 164
33 235
33 188
33 224
33 160
34 202
34 78
34 157
35 129
35 143
35 217
35 168
36 130
36 236
36 240
36 43
36 228
37 139
37 141
37 84
38 94
38 192
38 115
39 95
39 243
40 55
40 247
41 201
41 178
42 223
42 204
42 146
42 221
43 130
43 132
43 93
43 240
44 219
44 244
44 63
45 198
45 169
45 202
45 193
45 163
46 74
46 112
46 108
46 215
47 101
47 140
47 75
47 85
48 122
48 218
48 175
48 115
49 97
49 103
49 235
50 103
50 111
50 224
50 165
50 249
51 197
51 104
51 184
52 159
52 88
52 72
52 124
52 141
53 161
53 216
53 100
54 126
54 58
54 177
54 118
55 140
55 247
56 250
56 206
56 186
56 61
57 93
57 137
57 150
57 106
58 151
58 118
58 94
59 147
59 89
59 104
59 181
60 71
60 210
60 87
61 105
61 148
61 110
62 207
62 137
62 106
62 101
62 75
63 92
63 195
64 195
64 223
64 146
65 134
65 146
65 233
65 119
66 174
66 156
66 183
66 132
67 199
67 197
67 184
67 85
68 182
68 155
68 161
68 216
69 142
69 113
69 148
69 190
70 209
70 99
70 111
71 192
71 170
72 159
72 141
73 117
73 91
73 134
74 184
74 176
74 108
75 106
75 101
76 135
76 231
76 213
76 80
77 148
77 110
77 190
77 102
77 180
78 163
78 151
78 127
78 238
79 107
79 251
79 161
79 230
80 213
80 239
81 172
81 230
81 212
81 95
82 180
82 212
83 177
83 118
83 203
83 96
84 141
84 246
84 208
85 184
87 210
87 209
88 228
88 133
88 124
89 149
89 147
89 209
90 245
90 236
90 248
90 228
91 92
91 195
92 244
92 168
92 117
93 132
93 114
94 192
95 212
95 229
95 162
96 232
97 123
97 99
97 103
98 231
98 167
98 213
98 220
99 209
99 111
100 174
100 188
100 156
101 199
102 190
102 172
102 180
102 212
103 224
104 173
104 185
104 181
105 186
105 127
105 126
106 150
107 222
107 251
107 161
108 176
108 129
108 215
109 178
109 222
109 120
109 113
109 251
110 148
110 126
110 180
111 165
112 140
112 225
113 178
113 142
113 190
114 183
114 137
115 192
116 179
116 234
116 153
116 206
117 168
117 164
118 177
118 203
119 146
119 233
119 231
120 166
120 178
120 222
121 195
121 223
122 157
122 214
122 218
124 141
124 246
125 170
125 241
125 210
125 149
125 152
127 186
127 163
127 151
128 208
128 221
128 201
129 176
129 143
129 217
130 156
130 132
130 236
131 246
131 247
131 211
133 240
133 150
134 136
134 214
135 233
135 218
136 164
136 144
136 157
136 214
137 243
137 207
138 189
138 248
139 223
139 204
141 246
142 205
142 178
143 200
143 168
144 227
144 202
144 164
144 157
145 232
145 194
145 152
145 197
145 173
147 149
147 152
147 173
149 210
149 209
150 240
151 238
152 232
153 234
153 225
153 198
153 169
154 191
154 165
154 249
154 219
154 189
155 213
155 220
155 239
155 182
156 188
157 238
158 243
158 194
158 171
158 207
159 248
159 228
160 224
160 245
160 236
162 212
163 198
163 186
164 227
165 191
166 221
166 201
166 167
167 222
167 220
168 244
169 225
169 215
169 193
170 192
170 241
170 210
171 232
171 194
172 251
172 190
172 230
173 197
174 230
174 229
175 218
176 184
178 201
179 247
179 234
179 211
180 212
181 242
182 216
183 229
184 185
186 198
186 206
187 242
187 191
187 200
187 219
187 244
188 216
188 235
189 219
189 248
190 251
191 242
191 219
192 203
193 217
193 227
193 202
194 199
195 223
196 211
196 205
197 199
199 207
200 242
201 237
202 227
203 241
204 223
204 208
204 221
208 237
211 246
211 226
213 220
213 239
214 233
214 218
215 217
216 235
218 233
220 222
224 235
224 249
226 246
226 237
228 240
229 230
232 241
234 247
245 249
245 248
