255 574 15.3735
1.95743 15.1794
2.00669 5.23514
2.91913 9.9188
3.85128 0.0493042
5.49366 1.90897
6.3409 14.3152
6.2593 15.1514
11.9597 5.28345
1.93193 8.27736
1.00974 4.87119
6.98731 11.0714
4.4756 4.47832
12.621 12.5484
9.44309 11.3136
2.09957 0.629924
10.0541 0.0641102
1.51812 9.01474
10.848 5.23283
3.27135 12.4138
8.33065 8.80788
3.7788 9.55939
14.9261 14.3602
14.9874 6.33468
2.7308 4.80234
13.8127 4.74235
0.00971685 7.90324
0.679742 8.83772
2.94401 13.7181
14.5456 8.11683
5.50095 0.175783
13.8015 3.09372
10.4623 5.99872
10.2222 6.82864
12.814 2.9625
6.8047 12.2477
11.4374 4.60688
6.52806 13.3566
9.98171 5.26775
14.814 4.56366
5.82762 3.08152
14.8071 10.9408
4.60808 0.529031
8.06982 3.43852
12.2339 8.81856
5.13723 5.03175
5.48901 9.85925
4.53177 9.11126
2.57638 12.9209
11.6632 7.55297
4.62191 3.62242
11.0156 11.2674
7.23447 3.13868
0.360151 10.5863
7.69308 2.38047
5.54567 14.6688
7.73892 7.11775
1.27892 5.70268
14.3298 12.8322
11.9908 11.9357
0.736153 12.5129
0.431099 14.3093
13.5266 5.581
9.77719 14.6017
5.34025 1.04774
11.1037 6.8438
7.98315 14.6766
8.42257 4.26937
6.48628 8.487
7.12246 14.99
6.34346 5.78208
2.51465 14.5021
0.462218 6.10424
15.1982 12.5606
13.4061 2.29039
8.87589 14.4572
2.73548 3.9081
8.22908 1.64078
7.17477 5.368
8.71778 0.850789
4.34961 11.1843
15.1584 8.77457
12.3883 1.89465
13.2527 13.1818
14.5716 2.61846
8.56963 11.4959
11.3473 13.725
15.1413 1.86987
14.9968 3.46145
14.1803 3.91712
2.07149 3.25086
11.3485 9.42789
9.65944 0.867655
3.96423 2.98277
9.69996 7.55919
11.3759 5.95758
1.22059 6.63163
10.2983 8.60635
0.718125 15.2004
10.2258 11.7489
8.09863 5.1508
12.4645 15.2712
3.80898 7.53406
12.797 11.4659
13.0161 6.77839
10.4011 9.5609
11.7768 12.8723
13.0074 10.5271
1.29182 10.6561
4.40639 5.62364
12.6393 5.88195
0.349207 7.04788
9.17053 1.6932
14.7615 7.22359
9.14219 15.3703
11.8082 14.5679
6.22265 1.37662
10.1413 1.70565
15.2901 13.5117
7.17268 10.067
1.66564 12.6885
7.78936 8.05835
7.59641 11.7561
2.99668 2.98465
1.45869 2.50361
11.5321 0.143479
4.56588 10.0501
10.2429 12.7298
11.0124 10.3301
11.0805 12.2043
1.79113 1.56574
14.5459 11.8488
15.1277 15.2685
13.2936 9.58771
1.36767 14.4831
10.4081 4.42331
0.885296 9.75285
4.5784 13.9416
4.83335 12.9645
2.82889 7.93532
5.1364 11.7963
10.6679 7.69518
9.64151 2.56862
10.0954 3.46925
8.63083 2.52958
13.1947 1.34752
12.6107 7.68731
0.140039 5.20032
7.39617 12.9846
12.0452 6.6785
9.36882 12.2414
4.63742 14.9496
5.24872 10.7892
3.65702 10.4852
11.3456 8.45253
9.05495 5.50381
12.1734 4.00265
2.76191 1.27995
6.3682 9.45419
1.10855 3.45551
3.66536 4.95516
3.70874 3.9311
14.1715 1.67712
13.8083 11.1384
0.933239 13.47
3.9994 6.54612
15.2286 9.75903
7.88472 10.7806
6.8832 7.58728
3.75368 0.978335
8.8999 10.5469
3.19303 5.87353
6.50801 3.76117
7.1308 6.3613
3.39483 11.4748
13.1958 3.84317
6.80366 0.543929
4.18471 12.17
9.38 4.5087
6.24105 10.4804
13.178 8.56326
11.4031 1.69793
7.24222 14.0134
1.97227 13.6684
3.00787 6.91128
6.33752 4.79792
8.18757 9.7627
5.75267 7.82392
14.5108 5.492
0.769094 1.73798
4.56482 1.66399
12.2821 9.80307
12.2446 0.896518
6.14331 11.532
13.3712 0.32451
0.341836 4.17401
14.3953 0.639296
1.15487 0.738471
1.95575 9.87613
9.05218 3.48807
5.36632 5.98054
7.23994 1.50713
5.49248 8.87014
9.33735 13.3005
4.9311 2.68247
14.1456 14.948
10.3285 13.7633
7.85973 0.3071
9.97917 10.5044
14.1709 9.02049
9.28154 6.55078
9.36687 9.58589
2.89069 0.067989
5.59914 13.6844
3.80431 13.2311
12.8294 4.85456
12.3773 13.7019
0.0786494 0.894979
0.329094 2.72775
1.32647 11.6927
5.49285 4.10216
2.16206 6.19677
1.79114 4.2847
13.1474 14.4925
11.844 2.76086
2.5281 10.8153
8.67527 7.48918
7.40827 4.36618
1.98933 7.30132
14.2083 10.1328
8.3421 12.5019
9.26068 8.48497
2.40755 11.9301
6.55353 2.38289
10.7821 14.7726
2.61396 8.98636
13.5423 12.1919
11.944 10.8563
3.66957 8.57786
4.68899 8.108
14.01 6.48072
11.151 3.64705
8.2691 13.6281
7.36115 9.0255
3.62899 14.4564
6.12452 6.79213
4.9883 7.01787
0.21069 11.5982
5.8537 12.5994
13.6949 7.5843
1.01434 7.88358
10.7274 2.58521
10.7152 0.819486
8.21509 6.20297
3.51737 2.049
14.0737 13.827
0 133
0 70
0 14
0 211
1 221
1 56
1 23
1 220
2 234
2 197
2 152
2 224
3 243
3 150
3 211
3 168
4 63
4 189
4 115
4 203
5 212
5 181
5 54
5 6
6 54
6 68
6 29
6 175
7 35
7 214
7 109
7 94
8 249
8 227
8 16
8 234
9 194
9 221
9 146
9 56
10 178
10 192
10 166
10 121
11 160
11 49
11 159
11 44
12 105
12 58
12 235
12 82
13 169
13 207
13 84
13 98
13 149
14 196
14 211
14 156
15 113
15 62
15 233
15 91
15 251
16 26
16 197
17 134
17 35
17 37
17 31
17 94
18 173
18 231
18 47
18 176
18 213
19 120
19 242
19 230
19 185
20 237
20 46
20 152
20 125
21 254
21 117
21 204
21 131
21 60
22 187
22 239
22 71
22 112
23 75
23 159
24 88
24 214
24 61
25 110
25 112
25 28
25 249
25 80
26 249
26 80
26 135
27 47
27 213
27 70
27 243
28 248
28 112
28 208
28 80
29 54
29 63
30 73
30 83
30 174
30 88
31 37
31 32
31 94
32 209
32 64
32 93
33 73
33 223
33 174
34 192
34 121
34 247
34 147
35 240
35 155
36 247
36 147
36 212
36 181
37 177
37 134
37 154
38 88
38 194
38 187
38 146
39 203
39 232
39 171
40 228
40 246
40 130
41 150
41 168
41 63
42 51
42 198
42 66
43 153
43 179
43 190
44 219
44 199
45 201
45 125
45 178
45 151
46 238
46 237
46 201
46 125
47 119
47 231
47 182
48 64
48 148
48 145
48 153
49 92
49 203
49 160
49 219
50 127
50 98
50 236
50 128
51 232
51 53
51 171
52 165
52 246
52 107
53 200
53 76
53 143
54 212
54 150
55 252
55 172
55 167
55 120
55 225
56 71
56 220
56 95
57 235
57 72
57 254
58 102
58 128
59 218
59 72
59 119
59 163
60 117
60 163
60 97
60 133
61 214
61 109
61 187
61 239
62 205
62 74
62 233
63 189
63 115
64 94
64 148
64 140
65 181
65 68
65 74
65 206
66 198
66 226
66 177
66 99
67 186
67 167
67 157
67 242
68 181
68 175
68 206
69 184
69 77
69 199
69 244
69 172
70 182
70 211
71 146
71 110
71 95
72 246
72 130
72 117
73 161
73 144
74 241
74 113
75 89
75 122
75 221
75 160
76 78
76 200
76 111
76 143
77 226
77 99
77 172
78 113
78 206
78 91
78 111
79 152
79 173
79 151
79 176
80 208
80 165
81 191
81 180
81 144
81 223
82 235
82 215
82 254
83 86
83 87
84 166
84 229
85 105
85 205
85 215
85 114
86 216
86 161
86 188
86 217
87 217
87 88
87 194
88 174
89 158
89 123
89 122
90 153
90 104
90 127
90 190
91 251
91 111
91 116
92 253
92 122
92 203
92 160
93 225
93 140
93 230
94 148
95 110
95 220
95 227
96 140
96 230
96 104
97 131
97 133
97 196
98 149
98 126
98 128
99 226
99 252
100 114
100 222
100 124
100 191
100 193
101 183
101 164
101 238
101 237
102 106
102 236
102 235
103 109
103 148
103 239
103 145
103 248
104 210
104 207
104 127
105 128
105 215
106 190
106 132
106 162
107 135
107 197
107 218
108 159
108 164
108 199
109 214
109 148
110 112
110 249
111 116
111 143
111 141
112 239
114 215
114 233
114 124
115 175
115 200
115 232
116 251
116 141
116 250
117 163
118 157
118 242
118 178
118 166
119 218
119 231
119 182
120 167
120 225
120 242
121 166
121 229
122 253
123 188
123 129
123 158
124 233
124 251
124 191
125 152
125 151
126 149
126 128
126 205
127 207
127 236
129 196
129 188
129 156
130 162
130 246
130 235
131 204
131 195
131 216
132 208
132 179
132 190
132 228
133 182
134 142
134 177
134 240
135 165
136 137
136 213
136 212
136 243
136 150
137 176
137 247
137 213
137 212
138 183
138 227
138 234
138 237
139 151
139 192
139 176
139 247
140 153
141 143
141 142
141 250
142 198
142 250
142 240
143 198
144 191
144 193
144 161
145 248
145 179
146 194
146 187
147 229
147 241
147 181
149 229
149 202
151 178
152 173
154 177
154 252
154 209
155 240
155 174
155 214
156 168
156 253
157 201
157 242
157 178
158 217
158 194
158 221
159 160
159 170
161 195
162 228
162 235
163 182
164 170
164 183
164 245
165 228
166 185
166 169
167 244
168 253
168 189
169 185
169 210
169 207
170 220
170 183
171 219
171 226
171 184
172 244
172 252
173 224
173 231
173 176
174 214
175 206
175 200
177 198
178 192
179 248
180 251
180 250
181 241
183 227
184 219
185 242
186 245
186 244
186 238
186 201
187 239
188 216
188 196
188 217
189 253
189 203
190 236
192 247
193 204
193 195
195 204
195 216
196 216
197 234
197 224
199 245
199 244
200 232
201 238
202 241
202 205
204 254
204 222
205 233
207 210
208 228
209 252
209 225
210 230
212 247
215 222
218 246
218 231
220 227
222 254
223 250
223 240
224 231
227 249
229 241
234 237
237 238
238 245
239 248
240 250
