64 144 7.69603
1.43586 5.16622
4.32869 5.50223
2.84078 4.38511
5.90818 4.76874
1.40209 0.450294
3.6764 0.0640762
2.69546 1.53662
5.17292 0.315396
2.72237 3.53801
5.69912 6.34414
7.17854 2.01662
4.55019 1.76295
6.6508 0.822698
5.38265 7.16286
1.35156 2.49795
0.792974 1.08506
5.44549 1.82104
6.34944 1.6753
5.76256 0.969245
2.82907 7.50829
7.17063 0.0799042
4.49866 7.41956
3.29889 0.875917
4.30261 2.64202
3.52437 5.89237
4.60856 3.54672
6.08793 0.0799754
0.0478156 4.98735
7.41966 5.90404
7.48126 6.87615
3.72344 6.84148
6.62016 3.66999
6.81718 4.64939
1.92305 4.39581
7.5395 1.14303
6.48503 6.8678
3.35121 2.83722
0.707016 5.73479
3.59313 1.83832
3.61623 4.90488
2.32758 0.656277
7.58753 3.99472
2.75121 6.52518
1.78447 3.38051
7.37022 2.96557
5.27581 5.47522
6.36392 2.66638
0.880864 4.38868
0.482039 0.140849
3.64351 3.85029
0.468889 2.03395
5.30461 2.80366
5.58975 3.85798
4.32037 0.799906
0.822849 6.79501
4.64841 4.58062
2.35935 2.46302
1.83782 7.25688
4.69557 6.40977
1.69902 1.54266
6.40132 5.63159
0.710108 3.28725
2.61036 5.3579
1.73118 6.11466
0 47
0 33
0 37
0 63
1 39
1 55
1 24
1 58
1 45
2 8
2 33
2 49
2 39
2 62
3 52
3 32
3 60
3 45
4 57
4 48
4 15
4 40
5 30
5 19
5 21
5 22
5 53
6 40
6 22
6 59
6 56
6 38
7 21
7 13
7 53
7 18
8 43
8 36
8 49
9 58
9 60
9 45
9 13
9 35
10 34
10 17
10 50
10 44
11 53
11 38
11 16
11 23
12 26
12 18
12 34
12 20
12 17
13 58
13 21
13 26
14 50
14 59
14 56
14 61
14 43
15 34
15 48
15 50
15 59
16 18
16 17
16 51
17 18
17 46
18 26
19 57
19 42
19 40
20 29
20 48
21 58
21 30
22 40
22 53
23 36
23 25
23 51
24 39
24 62
24 42
24 30
25 51
25 49
25 55
25 52
26 35
27 41
27 32
27 47
27 28
27 37
28 60
28 37
28 29
29 35
29 54
30 58
30 42
31 46
31 44
31 52
31 41
31 32
32 41
32 60
33 43
33 47
36 56
36 38
36 49
37 63
37 54
39 49
39 55
40 59
41 44
41 61
41 47
42 63
43 56
43 61
44 46
44 61
45 55
45 58
46 51
47 61
48 54
51 52
54 63
54 57
56 59
57 63
62 63
