255 574 15.358
10.9841 1.05526
6.11378 6.74186
13.012 9.23143
11.0802 5.13242
12.2838 15.1625
5.62707 3.93768
0.493229 0.0462273
5.28645 14.0118
13.122 15.1915
13.4536 2.74007
1.25372 2.31673
15.2263 5.05857
8.23285 3.29366
1.88126 13.8209
14.7493 7.278
6.75408 6.19562
5.48054 2.3706
6.97062 9.45159
5.47366 0.344722
3.58258 7.07149
3.64694 13.2379
3.9439 0.491665
3.5806 11.5884
4.40234 3.60348
4.70903 1.76114
7.40965 7.91792
1.16525 11.0934
1.32724 11.939
11.0633 11.1973
13.9653 7.63297
8.79732 15.0445
9.83841 3.92192
3.40025 14.0588
12.8345 5.24754
3.02956 7.74146
7.92546 15.0492
4.22007 8.94178
5.98888 10.559
1.99965 1.88709
1.25365 10.2228
0.46968 1.96778
7.20209 6.92541
10.5689 12.7154
2.05655 0.0515209
9.85071 6.95902
5.5989 14.8362
0.178348 7.73979
9.66827 14.9181
1.9664 10.743
2.78672 6.70392
10.6371 6.56894
5.18141 3.19259
12.9426 10.4723
15 0.216182
3.44232 2.26072
6.84225 10.3184
12.4801 4.42892
3.96195 10.6902
11.9519 5.17222
1.25838 8.38404
6.32768 2.1216
14.4743 4.62264
13.3381 5.98088
0.462724 11.7447
5.08658 9.17791
14.9839 5.90223
1.25877 0.471582
5.80311 8.57521
1.02653 13.6083
0.315109 10.8428
7.89644 1.45799
10.5756 4.42068
14.0756 3.80813
12.3357 7.32025
4.75001 0.865677
13.8026 10.7542
6.01623 5.72228
14.9531 11.424
6.72991 5.12562
8.267 6.35851
3.91469 7.90404
12.4175 11.929
4.74301 13.232
8.0335 7.26711
7.14721 12.1055
7.69459 9.96867
5.77249 4.81707
12.5631 2.74269
13.235 12.3791
11.5105 4.3618
8.95787 7.13071
1.31386 9.30992
6.32016 0.636259
0.528924 5.66463
9.64428 12.9855
5.07363 10.593
2.18796 5.99465
5.24471 6.52386
10.2224 2.94604
9.93314 1.25025
2.05674 0.971149
12.2675 8.72847
7.56347 10.9097
8.28399 14.2019
5.53467 7.4331
1.20466 1.4122
8.03815 12.4312
4.58595 7.2276
11.4496 7.01808
11.6663 1.64224
8.68978 13.1401
14.1354 5.4943
6.70434 13.1528
8.55317 9.55756
6.49807 4.19733
14.0718 0.0461554
6.74864 8.56613
2.85921 1.52097
6.56103 15.0631
0.708911 4.71069
12.4174 12.893
8.3231 11.5096
1.62016 4.30911
8.47224 10.5386
10.9831 3.55194
10.6086 7.5171
1.45311 5.35237
1.49156 14.6572
6.93648 1.38369
12.0582 3.57253
13.7214 14.493
3.8479 1.40836
14.135 12.7312
5.71149 13.1915
10.366 0.379609
13.7406 9.79591
1.63357 3.15291
5.16243 12.3512
10.4805 8.51074
13.5139 4.59806
4.41989 9.86099
15.1644 3.95382
14.3666 2.89532
11.3525 0.140924
9.35594 0.451697
8.95476 1.38266
9.04482 12.2052
2.72125 13.415
0.742557 12.6756
9.67264 7.89027
0.800351 3.71956
9.59473 2.17754
6.18405 12.2951
4.14963 12.4496
6.63491 11.2652
2.14063 7.41727
14.2156 6.49978
3.60144 14.9769
14.3403 13.7074
13.8235 8.78404
7.54189 5.68754
6.51544 7.58966
9.3897 10.1092
9.55293 4.83564
5.61651 11.4353
2.46722 3.73723
14.7959 14.6316
10.257 10.6844
4.3688 2.64978
12.7332 14.2782
15.0997 12.4059
7.28022 14.3409
12.4224 6.33057
4.35159 14.1446
8.32991 0.564695
7.29181 0.418912
7.69746 13.3774
11.3322 9.10229
4.83383 4.45654
2.5529 2.68146
14.4122 0.995245
11.2143 10.2458
13.7612 1.8373
11.4268 6.00415
0.481727 14.4502
1.25492 6.36164
13.997 11.7188
10.6243 14.7472
3.17179 5.79774
14.7098 8.24159
3.28292 8.68611
13.27 6.96598
4.02312 5.15616
12.6899 1.73672
11.5066 8.04348
3.0983 12.4355
1.09495 7.4111
13.3265 13.3931
12.2021 0.763418
13.0902 3.63502
6.24639 14.0818
2.20985 8.65637
3.37054 9.7677
4.8728 8.20924
3.33547 4.34725
14.7358 9.32407
0.256988 0.999909
9.30655 11.1764
4.55798 11.4821
11.5437 2.66823
0.344825 9.83727
14.8435 1.9645
4.65562 15.1747
10.2602 5.64298
14.7575 10.4202
2.96172 0.476895
2.54224 14.5429
10.3908 13.694
6.00714 9.571
0.319237 8.73611
5.03128 5.52186
9.2726 6.147
10.2461 11.7686
9.20533 3.16739
2.43664 4.98186
5.62589 1.3933
0.0185778 13.459
3.47193 3.26396
2.28656 11.7
7.27579 3.50459
8.69646 4.1643
2.96464 10.8027
13.052 8.04489
0.218465 6.73021
2.25351 9.76986
9.30964 13.98
6.20205 3.13639
8.61917 8.11644
10.6647 1.9909
11.427 13.2701
8.45852 2.32793
11.402 12.136
12.2002 9.78062
7.76607 8.85828
12.0468 10.9626
0.0902796 2.90892
8.55217 5.28676
7.32265 2.37732
4.17705 6.26022
13.3213 0.811838
10.3444 9.58469
9.40905 8.93894
11.6555 14.3895
1.8222 12.8166
7.63015 4.58956
0 134
0 238
0 109
1 97
1 15
1 104
1 161
2 101
2 159
2 242
2 135
3 71
3 89
3 213
3 58
3 183
4 252
4 8
4 198
5 51
5 236
5 178
5 114
5 86
6 184
6 53
6 66
7 173
7 133
7 200
8 130
8 249
9 182
9 87
9 142
9 199
10 40
10 105
10 38
10 136
11 61
11 119
11 65
11 93
12 240
12 229
12 223
12 230
13 253
13 68
13 147
13 127
13 216
14 156
14 233
14 29
14 189
15 76
15 160
15 41
16 225
16 60
16 51
17 116
17 243
17 218
17 55
17 85
18 212
18 45
18 74
18 92
19 49
19 248
19 34
19 80
20 195
20 153
20 147
20 32
21 212
21 157
21 215
21 74
21 131
22 231
22 208
22 195
23 227
23 168
23 51
23 178
24 74
24 131
24 225
24 168
25 161
25 83
25 116
25 243
26 39
26 69
26 48
26 27
27 63
27 228
27 148
27 253
28 181
28 222
28 167
28 244
28 241
29 191
29 232
29 189
30 35
30 47
30 144
31 223
31 71
31 163
32 147
32 173
32 216
32 157
33 56
33 139
33 58
33 62
34 155
34 80
34 190
35 171
35 103
35 175
35 174
36 203
36 190
36 64
36 140
37 95
37 218
37 55
37 164
37 154
38 100
38 105
38 117
38 179
39 91
39 210
39 48
40 206
40 211
40 105
40 245
41 161
41 83
42 222
42 241
42 217
43 127
43 216
43 100
43 66
43 215
44 221
44 50
44 90
44 149
44 125
45 200
45 212
46 233
46 189
46 196
46 219
47 235
47 187
47 144
48 234
48 228
48 231
49 188
49 96
49 155
50 213
50 183
50 108
50 125
51 168
51 236
52 242
52 244
52 75
53 166
53 115
53 180
53 206
54 117
54 131
54 227
54 179
55 85
55 154
55 102
56 129
56 199
57 140
57 231
57 208
58 89
58 183
59 196
59 219
59 201
59 91
60 225
60 128
60 236
60 247
61 139
61 72
61 141
61 111
62 111
62 172
62 191
63 77
63 69
63 170
63 148
64 203
64 140
64 218
65 111
65 93
65 156
65 233
66 100
66 105
67 203
67 116
67 218
68 148
68 226
69 214
69 210
69 77
70 174
70 128
70 240
71 124
71 89
72 142
72 199
72 139
73 108
73 172
73 191
73 232
74 225
75 135
75 214
75 186
76 220
76 86
76 78
77 214
77 186
77 170
78 114
78 254
78 160
79 160
79 221
79 83
80 107
80 203
80 190
81 244
81 241
81 120
81 88
82 153
82 137
82 173
82 133
83 237
83 90
84 154
84 152
84 106
85 123
85 113
85 102
86 178
86 114
86 220
87 193
87 209
87 129
88 186
88 120
88 132
88 197
89 124
89 129
90 221
90 237
91 234
92 118
92 175
92 225
92 128
93 119
93 126
93 185
94 146
94 235
94 110
94 217
95 140
95 208
95 164
96 126
96 224
96 188
96 185
97 220
97 107
97 104
98 151
98 238
98 223
98 124
99 144
99 134
99 145
99 151
99 238
100 215
100 105
100 117
101 194
101 232
101 177
101 242
102 123
102 154
102 121
103 176
103 235
103 171
104 107
104 203
104 161
105 206
106 121
106 176
106 110
107 248
107 203
108 183
108 125
108 194
109 198
109 238
109 193
109 209
110 146
110 176
110 235
111 156
112 152
112 133
112 200
112 176
113 243
113 251
113 162
113 123
114 229
115 130
115 249
115 180
116 161
116 243
117 215
117 131
118 200
118 171
118 175
119 150
119 126
120 239
120 197
121 123
121 207
121 146
122 150
122 165
122 224
123 162
123 207
124 209
125 149
125 194
125 138
126 224
126 185
127 184
127 216
128 175
128 247
129 209
129 199
130 158
130 169
132 186
132 170
132 197
132 158
133 137
133 152
133 200
134 187
134 144
134 143
135 159
136 179
136 150
136 165
137 208
137 164
137 153
137 152
138 149
138 177
138 250
139 199
140 202
141 245
141 150
142 211
142 245
143 187
143 198
144 174
144 145
145 174
145 240
145 151
146 207
147 253
147 195
148 170
148 253
148 226
149 237
149 251
150 245
151 238
151 223
152 164
153 208
153 195
154 164
155 196
156 191
157 212
157 215
158 197
158 226
158 166
159 232
159 189
159 205
160 254
160 246
162 250
162 207
162 167
163 230
163 246
163 213
164 208
165 179
165 204
166 184
167 250
167 181
167 207
167 222
168 227
169 197
169 252
170 226
171 200
171 176
172 183
172 191
173 212
174 175
177 194
177 250
177 242
178 192
178 220
179 227
180 249
180 182
180 211
181 250
181 242
181 244
182 249
182 193
182 211
184 226
185 233
185 196
187 217
187 252
188 224
188 192
188 248
189 205
189 219
190 201
190 202
191 232
192 204
192 220
192 248
193 198
193 249
195 228
196 233
198 249
201 234
202 234
202 231
204 227
204 224
205 219
205 214
205 210
207 222
209 238
210 219
210 214
211 245
213 221
217 235
217 239
220 248
221 246
223 240
223 230
228 231
229 236
229 247
229 254
230 254
230 246
237 243
237 251
239 241
239 252
240 247
246 254
250 251
