256 577 15.3581
9.47174 0.945547
2.11982 4.37142
6.66506 14.0817
10.9879 3.91572
4.7362 5.15426
2.58549 3.68714
0.914391 10.7579
5.96494 9.3094
3.69116 10.5697
5.8434 14.2096
15.2972 1.77165
3.99218 8.14798
1.28471 4.33327
11.1233 10.0464
9.70326 1.77683
4.68114 11.6281
6.51224 5.91347
1.74082 10.5687
1.74364 3.61805
13.8732 11.9117
11.8921 15.3053
12.4901 6.59165
13.0363 12.0931
0.0763684 10.9086
8.26337 13.5759
12.8817 11.247
6.1674 4.5382
0.629728 11.5546
6.6305 6.76522
1.97809 12.1378
11.6879 14.47
11.0075 4.76643
8.58184 3.33679
4.12043 8.99366
0.102544 5.37642
2.36579 11.3548
9.42244 5.78946
7.32387 4.31145
5.76051 8.47783
9.98814 0.259631
4.39758 9.82522
6.25227 10.4626
5.95815 1.43409
14.1985 13.5456
13.7262 1.7273
12.3527 5.72876
1.48935 11.4051
13.0738 2.32981
13.8984 5.00272
12.4656 3.06472
7.78696 5.06496
15.0472 13.2815
5.28129 4.47999
4.3907 4.36752
0.172738 10.0351
0.956678 5.1357
0.411784 4.42461
2.86487 12.0843
1.07106 12.3091
3.25643 8.73588
7.73829 7.68924
2.81667 4.88988
2.96742 5.78682
2.66787 12.9669
10.1031 13.7815
7.23665 0.69146
12.463 12.7717
10.5078 6.28105
7.1157 2.72147
8.66348 9.01586
7.51584 6.807
14.3916 3.2073
2.38763 7.31703
14.756 9.49373
7.68715 3.4491
8.59323 0.884073
10.3867 8.5895
3.51604 15.3044
13.1929 8.18207
6.87208 5.09764
2.45564 1.20621
5.78806 3.72143
3.88131 7.18225
7.40245 5.89
3.07319 6.70789
2.93674 14.5766
14.372 12.6534
9.58688 9.06754
2.38351 8.33783
14.6894 10.4181
12.9835 5.05928
0.430193 9.15009
3.86569 14.4348
12.0764 8.67098
10.3775 2.36785
5.29115 13.4993
11.5337 12.7108
9.38394 3.77658
3.17171 7.80776
11.8673 3.76817
1.12126 2.5695
4.57664 10.729
3.27632 13.6836
15.1722 3.71576
14.7085 11.4668
11.0138 11.8991
1.78715 1.87074
13.9788 4.07219
1.54761 0.933273
9.43903 12.7063
13.8894 9.88946
5.04269 9.06688
9.17655 13.6351
14.4869 0.243541
6.30449 0.572959
11.1709 1.82392
14.5724 5.6545
9.08099 0.0732198
2.6215 0.270499
4.8321 7.07849
9.05634 9.87791
6.67217 8.65292
8.20175 12.65
5.13807 3.02178
10.1785 4.33976
6.7355 3.5916
6.8004 7.67676
2.3115 13.8468
5.76444 6.45015
3.8486 6.15475
5.73028 15.1264
15.3498 15.1247
4.30827 13.5658
9.68493 14.6456
0.843049 1.62546
13.6494 0.780409
10.5556 7.23884
14.5083 2.2544
8.79093 1.82348
3.46659 9.6714
10.2704 3.34235
0.638026 13.1662
6.82099 1.80353
4.90849 8.0776
1.5725 7.78893
6.57082 11.3556
12.6013 14.6989
0.810212 7.12563
14.5418 1.23952
4.47201 0.0928951
11.1899 9.11254
10.2591 5.34391
1.1232 9.85703
11.2279 13.6428
4.2355 3.42917
13.3656 14.0184
12.7272 0.363697
4.84329 6.07223
12.2786 13.7245
3.39354 0.917071
7.33768 10.6653
6.88146 12.3319
14.1034 7.79301
12.829 1.39342
8.06766 2.53651
1.91739 5.27997
1.23574 13.9987
13.4183 3.23124
8.28428 4.23913
12.8171 4.08183
1.68737 13.0527
12.1198 2.15863
0.799763 3.52337
8.67194 14.5053
0.192704 14.1167
6.7567 15.0234
10.1905 9.86288
3.28199 3.05312
13.4227 12.9707
14.8119 4.65889
12.0208 9.71163
9.73583 7.85696
3.77517 5.13069
7.35285 13.2638
4.16762 2.38096
13.2654 7.15831
5.29626 0.721061
15.3378 6.34134
3.43705 4.11401
5.16914 1.99933
10.4059 1.14711
14.9847 8.52785
0.616677 8.15752
10.7068 10.9195
7.8088 1.50405
4.37698 1.27961
1.0315 6.11051
12.9453 9.18714
8.50364 6.93141
10.718 14.56
9.98785 11.8341
12.3145 7.67361
5.35383 10.0538
6.27182 13.2086
12.9309 10.2749
7.7109 8.69268
11.785 10.7548
0.0924916 2.72362
5.78337 7.49092
2.46171 9.35569
2.24337 2.78236
3.7086 11.5426
10.9759 0.246285
13.9644 8.85377
5.52626 11.1366
5.67975 5.39905
13.5846 15.0826
11.9949 4.7928
0.986659 0.0669631
13.8125 10.9338
8.45933 10.7987
8.42976 5.83427
8.67849 8.0135
11.3469 5.70346
3.65461 12.7138
2.72035 10.4304
4.76522 12.6074
0.160874 0.812364
8.87682 11.8305
5.80995 12.2059
14.5194 14.4853
6.87282 9.68323
1.47497 8.84847
2.10735 6.34039
4.89598 14.4628
11.5289 6.81835
6.10151 2.59819
11.2589 8.03275
7.606 14.3311
3.14192 1.9732
15.3459 12.3091
8.01762 0.0291831
9.5982 6.77031
7.7509 11.6784
9.21639 4.80948
7.99013 9.78381
11.8217 0.980675
12.0686 11.823
11.2902 2.8872
1.92891 14.8379
15.1351 7.43215
13.329 6.04189
9.59397 10.7956
14.2744 6.68358
10.4938 12.8298
9.38336 2.7232
0 75
0 190
0 39
1 18
1 12
1 5
1 165
1 61
2 203
2 9
2 175
2 238
3 140
3 124
3 99
3 31
4 53
4 52
4 215
4 157
5 210
5 177
5 18
5 188
6 152
6 17
6 27
6 23
6 46
7 38
7 202
7 231
8 225
8 139
8 211
8 101
9 95
9 234
9 130
10 227
10 148
10 137
10 134
10 207
11 98
11 143
11 33
12 172
12 56
12 18
12 55
13 150
13 176
13 180
13 206
13 193
14 190
14 138
14 255
14 94
15 211
15 101
15 214
15 226
16 215
16 79
16 83
16 128
16 28
17 152
17 225
17 46
18 172
18 210
19 219
19 22
19 86
20 30
20 146
20 212
20 156
21 45
21 235
21 251
21 185
22 25
22 247
22 66
22 178
23 89
23 54
23 104
23 27
24 122
24 183
24 112
24 238
25 204
25 219
25 247
26 81
26 215
26 79
27 46
27 240
27 58
28 128
28 70
28 126
29 46
29 35
29 57
29 170
30 153
30 158
30 199
30 146
31 124
31 151
31 223
31 217
32 164
32 74
32 255
32 168
32 97
33 111
33 139
33 40
34 179
34 116
34 55
34 187
35 225
35 46
35 57
36 244
36 221
36 151
36 242
37 125
37 168
37 79
37 50
38 208
38 143
38 111
38 121
39 117
39 190
39 212
40 139
40 202
40 101
41 202
41 231
41 214
41 145
42 186
42 114
42 189
42 142
43 178
43 86
43 155
43 51
43 230
44 135
44 163
44 47
44 148
44 137
45 223
45 217
45 90
45 251
47 171
47 163
47 167
48 107
48 179
48 90
48 116
49 171
49 167
49 99
50 168
50 79
50 83
50 221
51 240
51 86
51 174
51 141
52 53
52 81
52 215
53 154
53 188
53 182
54 91
54 89
54 152
55 56
55 165
55 196
56 172
56 179
56 103
57 211
57 63
57 224
58 141
58 170
59 98
59 209
59 139
60 70
60 126
60 222
60 205
61 188
61 165
61 62
61 182
62 233
62 84
62 129
63 224
63 170
63 127
63 102
64 254
64 112
64 133
64 199
65 114
65 241
65 194
66 96
66 247
66 178
66 158
67 151
67 223
67 242
67 136
68 142
68 236
68 164
68 74
68 125
69 222
69 205
69 87
69 245
69 120
70 83
70 198
71 137
71 167
71 103
72 233
72 84
72 144
72 98
73 213
73 191
73 110
73 89
74 164
74 125
74 168
75 241
75 117
75 194
75 138
76 181
76 237
76 87
76 150
77 85
77 92
77 159
77 118
77 149
78 201
78 162
78 213
80 108
80 159
80 118
80 106
80 239
81 123
81 125
82 84
82 119
82 98
83 221
84 233
84 129
85 127
85 102
85 249
85 92
86 178
86 240
87 120
87 176
88 144
88 98
88 232
88 209
89 110
89 219
90 169
90 217
90 251
91 192
91 191
91 152
92 102
92 132
92 234
93 237
93 201
93 150
93 197
94 115
94 255
94 140
94 248
95 226
95 203
95 234
96 254
96 105
96 247
96 153
97 255
97 140
97 124
97 244
99 248
99 169
99 217
100 134
100 106
100 172
101 202
101 214
102 224
102 127
103 207
103 172
103 179
104 219
104 240
105 193
105 254
105 200
105 247
106 108
106 134
106 210
107 167
107 179
108 218
108 134
109 228
109 254
109 200
109 112
110 213
110 204
110 219
111 143
111 202
112 173
113 216
113 131
113 135
113 148
114 130
114 175
114 186
115 190
115 246
115 171
115 248
116 179
116 253
116 187
117 173
117 133
117 241
118 249
118 159
119 157
119 208
119 143
120 245
120 252
121 126
121 205
121 231
122 243
122 228
123 189
123 154
123 236
124 140
124 244
124 151
126 208
127 170
127 249
128 215
128 157
128 208
129 182
129 157
130 234
130 175
131 174
131 230
131 227
131 218
132 226
132 234
133 173
133 199
134 227
135 216
135 156
135 163
135 148
136 242
136 235
136 181
136 237
137 148
137 207
138 194
138 164
138 255
139 209
139 225
140 255
141 240
141 166
142 194
142 236
143 208
144 192
144 147
144 232
145 214
145 160
145 161
146 158
146 155
146 216
146 156
147 196
147 250
147 192
148 227
149 234
149 186
150 237
150 180
152 232
153 254
153 199
154 177
154 184
154 188
155 178
156 216
156 246
156 163
157 215
159 239
159 195
160 231
160 245
160 243
161 243
161 229
161 203
161 183
162 185
162 250
162 213
163 246
163 171
164 194
165 233
166 174
166 170
166 249
167 169
168 244
171 248
172 207
173 238
173 241
174 230
175 238
176 252
177 239
177 210
180 197
180 204
180 206
181 242
181 222
182 188
183 203
183 238
184 239
184 189
185 251
185 253
185 201
186 195
187 253
187 196
187 250
189 195
189 236
190 212
191 250
191 192
191 213
192 250
192 232
193 252
193 206
196 233
197 213
197 204
198 221
198 242
198 222
199 212
200 252
200 228
200 254
201 237
202 214
203 229
204 219
205 245
206 247
209 232
209 225
212 246
214 229
216 230
217 223
218 249
218 227
220 245
220 243
220 252
220 228
223 235
224 226
226 229
228 243
231 245
238 241
250 253
251 253
