64 144 7.63614
0.0848252 1.34081
5.51551 3.75582
0.368493 3.10816
4.67871 3.82303
0.246966 0.518204
6.97968 5.80693
3.69132 1.65767
1.96198 2.79331
1.91168 6.37585
2.54553 5.78283
0.520335 5.00278
4.40327 6.43704
6.23823 7.21899
4.59608 2.96276
6.47153 2.33858
5.49039 0.0869326
2.73895 6.71284
6.17944 3.19059
2.93702 2.12222
1.22592 3.31482
5.44758 2.62246
3.40393 6.06795
3.76801 2.55422
3.83997 3.49548
7.11755 3.24617
0.251493 7.22331
7.23523 4.93482
1.99591 7.29065
3.07219 4.09938
2.91053 1.16524
1.02745 6.64293
3.64843 6.99657
7.05067 6.72867
6.81886 1.45913
6.22022 0.673548
4.00365 4.45458
6.16201 6.26457
7.04585 0.102363
5.29248 6.79225
3.21149 5.09824
2.93067 3.09822
1.18329 4.30179
0.285022 5.94414
1.1036 0.109767
2.11346 3.74949
4.91895 0.883512
4.53332 7.50793
1.99899 0.683512
5.2431 5.75749
4.21014 5.46949
1.30268 5.60629
0.137 4.05141
3.85014 0.701592
1.03332 1.1871
2.92411 0.113111
7.48071 2.2815
5.17101 4.66991
6.57457 4.12558
1.97493 1.78828
5.74054 1.62657
0.969522 2.31301
4.64678 1.95015
6.19305 5.18261
2.14002 4.8529
0 53
0 4
0 55
0 33
1 17
1 3
1 56
2 55
2 60
2 24
2 19
2 51
3 23
3 13
3 35
3 56
4 37
4 43
5 26
5 62
5 36
5 42
5 32
6 29
6 52
6 18
6 61
6 22
7 58
7 19
7 44
8 50
8 9
8 30
8 27
8 16
9 63
9 39
9 21
10 26
10 41
10 42
10 50
11 49
11 31
11 38
12 36
12 32
12 15
12 37
13 61
13 22
13 23
13 20
14 59
14 55
14 33
14 17
15 46
15 38
15 45
15 34
16 21
16 27
16 31
17 20
17 24
17 57
18 29
18 58
18 40
18 22
19 60
19 44
19 41
20 61
20 59
21 39
21 49
21 31
22 23
23 40
23 35
24 55
24 57
25 32
25 30
25 37
25 43
26 57
26 51
27 43
27 47
27 54
28 44
28 40
28 35
28 39
29 47
29 54
30 42
31 46
31 54
32 36
32 37
33 34
33 55
34 37
34 59
35 39
35 49
36 62
36 48
36 38
38 48
38 46
39 63
39 49
40 44
41 51
41 63
42 50
43 53
43 47
44 63
45 52
45 61
45 59
46 52
47 53
47 54
47 58
48 56
48 49
48 62
50 63
52 54
53 60
53 58
55 60
56 62
57 62
58 60
59 61
