126 280 10.8415
5.87551 9.98112
3.08697 0.479301
8.10858 6.95202
2.91371 7.54119
5.17383 8.33032
2.77822 3.81631
3.5479 9.01276
8.50595 9.85778
6.8512 2.14197
9.60782 2.82438
1.71806 8.71859
4.43311 1.76234
8.77754 2.60625
2.23554 0.484033
2.10303 7.78746
2.68034 10.5756
5.11579 2.2959
4.29756 6.46211
10.6592 0.355329
7.53055 1.60352
9.0219 0.99332
2.80619 1.29254
8.19431 4.43557
6.22525 1.21987
4.76514 0.574809
1.25108 7.97109
5.97601 2.07925
0.488256 10.605
7.741 3.55194
8.51431 5.30162
1.79467 10.5522
7.79188 6.13185
4.38256 8.72041
7.23069 6.86191
1.34006 5.13253
3.67632 7.1046
3.08191 6.39066
0.708794 5.96348
5.42195 4.81267
9.3738 10.0742
5.66628 7.58763
2.29829 6.90483
10.6551 8.51172
0.594835 2.13123
10.1992 1.14743
7.15834 8.66549
10.4892 2.04663
8.07264 8.95482
6.66224 9.55948
3.25055 9.86611
9.1258 7.2169
0.0664897 3.96474
9.11826 4.5752
7.65299 10.7825
9.05012 9.1308
10.2939 10.3422
9.70039 8.4021
5.73167 2.98749
7.59521 9.80432
2.50066 2.18099
8.45743 1.74736
0.350389 7.70069
9.79716 3.72974
9.45054 5.49922
7.06424 4.21602
1.5298 2.40604
5.28587 1.37129
3.51072 1.93053
8.08269 0.833172
6.84705 5.9696
4.20859 9.67545
0.0903757 6.72317
6.24894 6.77262
1.11716 4.187
7.73994 7.80711
3.66486 8.0809
5.71476 0.403116
7.06908 0.763904
10.53 3.03487
9.69647 0.302252
0.388867 4.91778
0.764915 8.79917
4.3091 2.81154
0.19877 9.67123
3.88356 0.978815
9.79851 6.46004
0.359308 1.16076
5.22868 6.68856
8.76442 6.26489
2.71936 8.5296
10.0504 9.34685
1.23686 9.74335
1.17262 0.478626
10.5713 5.7401
9.48458 1.86541
2.12152 4.51219
8.71455 8.15697
6.40702 5.02614
3.32137 4.59697
7.796 2.55545
4.88957 5.67084
7.5178 5.16127
4.58813 7.55455
2.65642 5.46559
1.11943 6.98188
2.28769 9.52319
8.68506 10.8184
4.4119 4.67307
5.1949 9.30912
1.72859 6.0616
4.9451 3.69104
6.0292 3.98946
6.68869 7.73255
1.79976 1.38111
8.75184 3.59382
10.1617 7.4735
10.166 4.71533
3.23118 2.95408
6.10621 8.67661
1.87998 3.41648
3.77031 5.60962
4.99463 10.4226
0.765171 3.16385
6.7933 3.14421
6.61337 10.6196
3.88127 10.7165
0 108
0 48
0 121
0 124
1 15
1 125
1 13
1 84
1 21
2 33
2 31
2 88
2 74
3 41
3 35
3 14
3 75
4 102
4 40
4 32
4 108
4 118
5 119
5 117
5 95
5 98
6 75
6 89
6 32
6 49
6 70
7 54
7 58
7 106
7 39
8 26
8 19
8 123
9 94
9 12
9 78
9 62
10 25
10 81
10 105
11 84
11 67
11 66
11 16
12 60
12 99
12 114
13 30
13 15
13 113
14 41
14 25
14 89
15 30
15 49
16 66
16 26
16 82
16 57
17 120
17 100
17 35
17 87
18 55
18 27
18 79
18 44
18 86
19 77
19 68
19 60
19 99
20 68
20 79
20 94
20 60
21 113
21 67
21 59
22 114
22 52
22 101
23 76
23 77
23 66
23 26
24 121
24 84
24 76
24 66
25 104
25 61
25 81
26 57
27 83
27 92
28 123
28 99
28 114
28 64
29 52
29 101
29 63
30 91
30 92
31 69
31 101
31 33
31 88
32 75
32 108
32 70
33 69
33 112
34 73
34 95
34 80
34 109
35 36
35 102
35 75
36 103
36 120
36 41
37 93
37 71
37 109
38 107
38 111
38 100
38 97
39 90
39 106
39 55
40 87
40 112
41 109
42 56
42 61
42 81
43 86
43 46
43 65
43 122
44 79
44 86
44 94
44 46
45 112
45 118
45 47
46 94
46 78
47 96
47 58
48 118
48 124
48 58
49 105
49 125
49 70
50 88
50 85
50 96
51 78
51 122
51 116
51 80
52 114
52 116
52 63
53 124
53 58
53 106
53 77
53 68
54 96
54 56
54 90
55 90
55 83
55 79
56 96
56 115
56 90
57 123
57 110
57 111
59 113
59 65
59 117
60 68
60 94
60 99
61 104
61 71
61 115
62 114
62 78
62 116
63 116
63 88
63 85
64 111
64 97
64 101
65 113
65 122
65 119
67 84
67 117
68 106
68 77
69 97
69 101
69 72
70 108
70 125
70 121
71 93
71 104
71 115
72 87
72 112
73 122
73 119
73 95
73 80
74 112
74 96
75 102
75 89
76 121
76 124
77 124
78 122
79 106
80 116
80 93
81 83
81 91
82 117
82 110
83 90
83 91
84 125
85 93
85 88
85 115
86 92
87 100
87 102
89 105
91 105
92 113
93 116
95 103
97 111
98 107
98 103
98 120
100 107
100 120
103 120
103 109
104 109
107 110
107 120
108 118
108 121
110 111
111 123
112 118
119 122
121 125
