127 280 10.8886
6.46842 7.56088
0.414291 9.06128
10.0301 3.46676
7.68368 5.80958
6.2741 4.85915
2.06971 9.18602
6.81973 2.04447
3.08978 10.5147
9.91725 6.00129
6.84155 6.81332
7.10152 5.04122
9.69108 8.59045
7.6859 6.66224
2.49254 6.3642
2.51644 3.73485
2.9116 5.61385
0.45911 6.64708
2.03454 5.62298
7.62869 0.244284
10.562 4.14678
0.884207 5.8768
2.09383 1.2249
4.07954 6.98087
8.46596 1.69482
0.435414 5.11562
8.4979 6.32418
8.44045 10.7976
9.68987 4.26895
0.309206 9.93112
2.94589 7.89957
7.87625 4.63032
8.31963 0.807208
7.4207 3.0679
10.7594 8.37744
3.29619 9.65082
1.21809 9.39293
9.08476 7.93243
10.4201 5.03907
8.20144 8.20475
0.124518 7.48648
7.70218 2.19322
10.1986 2.5931
2.87762 8.81883
10.4123 6.7597
4.62575 5.32922
4.34995 3.14584
1.58763 6.45911
0.266334 10.8644
3.8211 8.85103
3.1597 6.98747
10.8207 5.89621
8.77939 4.40465
5.99006 3.99704
5.37864 4.73599
8.10093 3.71728
3.88373 7.88745
2.07953 8.28184
9.48545 5.19006
10.3424 0.497167
6.77879 5.90098
6.75599 8.40554
5.09925 10.3016
8.39601 7.26293
10.2947 10.3969
5.70776 0.397813
9.22163 1.11702
4.59361 9.44507
8.8271 8.94793
6.69954 0.303343
5.70436 8.06813
4.82417 2.28547
4.92835 7.41103
3.81776 2.32641
8.47698 2.79482
1.08759 8.42349
0.617751 4.17979
3.03384 2.95261
2.25261 10.0972
8.50386 5.36501
6.28948 1.23907
3.45188 3.89039
6.11223 10.3538
9.30297 2.17541
6.44259 3.09952
1.33134 0.623457
4.73717 8.4288
1.57172 3.80416
8.30288 9.83917
10.044 7.69534
5.55916 9.09561
7.41492 7.59041
3.41519 0.527959
3.77845 6.04911
2.18555 7.27303
1.39484 4.88594
6.57139 9.41076
5.86594 2.20808
1.12093 7.36891
0.229744 2.16465
5.37159 3.18056
5.22986 1.32103
7.29239 10.2119
4.13756 1.33449
9.40952 0.0785051
4.82822 6.33366
2.35404 0.269599
4.04542 10.3369
1.12804 2.81762
0.331118 1.04543
9.37998 9.86086
0.0994101 3.24876
2.48088 4.72287
4.65476 0.369839
7.59857 9.02782
1.21984 1.70442
9.37258 6.83296
3.65638 4.95245
5.74665 5.70111
7.37461 1.21509
10.3636 9.33036
5.83455 6.82433
10.2006 1.54737
1.21611 10.4235
3.04063 1.57729
7.04365 4.03033
2.15655 2.32757
4.49985 4.17885
0 120
0 9
0 69
0 60
0 90
1 33
1 74
1 119
1 35
2 41
2 110
2 27
2 19
3 59
3 78
3 12
4 53
4 52
4 117
4 10
5 56
5 35
5 42
5 77
6 96
6 118
6 40
7 34
7 77
7 106
7 105
7 91
8 57
8 50
8 115
9 59
9 12
9 90
10 30
10 59
11 36
11 88
11 67
11 119
12 25
12 90
12 62
13 17
13 15
13 46
13 49
13 93
14 76
14 86
14 111
14 80
15 111
15 17
15 116
15 92
16 50
16 20
16 97
16 39
17 94
18 101
18 26
18 68
18 31
18 118
19 110
19 27
19 75
19 37
20 24
20 46
21 105
21 84
21 114
21 123
22 92
22 49
22 104
22 55
22 71
23 31
23 65
23 40
23 82
24 75
24 50
24 37
24 94
25 78
25 115
25 62
26 87
26 31
26 103
27 51
27 57
28 119
28 47
28 122
29 49
29 93
29 56
29 55
29 42
30 124
30 54
30 51
30 78
31 65
31 118
32 40
32 83
32 124
32 54
33 88
33 39
33 119
34 42
34 106
35 74
35 122
36 62
36 38
36 88
37 57
37 50
38 90
38 62
38 113
38 67
39 43
39 88
39 97
40 118
40 73
41 82
41 121
41 98
41 110
42 56
42 48
43 50
43 115
43 88
44 53
44 116
44 104
45 72
45 70
45 99
45 126
46 97
46 93
47 63
47 122
47 58
48 85
48 55
48 66
49 93
51 54
51 78
52 99
52 83
52 53
52 124
53 126
53 117
54 73
55 85
56 74
56 93
57 78
58 63
58 103
58 108
58 121
59 117
60 95
60 113
61 66
61 106
61 81
61 112
62 115
62 90
63 119
63 109
63 103
64 81
64 112
64 68
64 100
64 79
65 103
65 121
66 85
66 89
66 106
67 87
68 81
68 79
69 85
69 71
69 89
70 72
70 100
70 96
70 99
71 120
71 85
72 123
72 102
72 76
73 82
74 97
75 110
75 86
75 94
76 125
76 80
77 122
77 105
79 100
79 96
79 118
80 126
80 116
81 95
82 121
83 96
83 99
84 122
84 108
84 105
84 114
85 89
86 107
87 113
87 101
87 109
88 115
89 95
91 105
91 123
91 102
92 116
92 104
93 97
94 111
95 113
95 101
96 100
96 99
98 121
98 114
98 110
100 112
100 102
102 112
102 123
103 109
104 117
104 120
106 112
107 125
107 114
107 110
108 121
108 114
109 119
114 125
116 126
117 120
123 125
