64 144 7.67956
7.67517 6.08795
2.25196 3.11144
0.767264 0.315336
5.76711 3.10791
2.93487 2.62331
4.74288 2.34026
5.48513 7.50536
6.82911 6.17952
6.07327 4.78838
5.40064 6.64518
1.49338 2.722
5.02002 1.51428
0.748989 3.19394
2.5489 3.91998
4.12172 1.50279
1.63507 0.260117
2.47029 1.01918
5.42407 0.707751
6.56897 2.18409
6.20208 3.90393
0.884873 2.05271
6.65756 3.09869
6.82604 5.28315
7.5394 3.40311
2.98101 5.58388
4.49243 3.21301
5.632 2.21566
3.25922 4.52618
6.09179 1.36837
3.37105 0.718259
0.9041 6.02907
4.60152 7.13027
3.83882 2.46645
3.90815 5.26966
0.446104 1.1847
5.23427 3.86287
3.8751 6.42921
5.13664 4.87255
3.63245 7.42389
2.31309 4.84728
3.16811 1.70486
7.35946 6.96733
2.18333 2.04967
0.525065 4.14602
0.725081 7.04223
7.10999 1.36103
6.30461 6.98883
7.11784 4.3197
1.78841 6.96477
0.145229 5.14415
6.37663 0.380709
1.49047 1.24195
2.60362 0.0174948
4.26246 4.27344
7.47598 0.34631
1.55266 3.79901
2.8281 6.61112
4.78056 5.87339
5.91 5.77857
7.58093 2.36127
1.2404 4.98139
1.96338 5.87237
4.41341 0.510757
3.46643 3.47561
0 7
0 49
0 30
0 41
1 55
1 10
1 4
1 13
2 44
2 54
2 34
2 15
3 26
3 21
3 35
4 42
4 40
4 32
4 63
5 32
5 11
5 26
5 25
6 46
6 9
6 17
7 58
7 22
7 46
7 41
8 37
8 19
8 58
8 22
9 57
9 58
9 31
9 46
10 20
10 42
10 12
11 17
11 14
11 26
12 23
12 55
12 43
13 55
13 63
13 39
13 27
14 62
14 40
15 48
15 51
15 52
16 51
16 52
16 29
16 40
17 62
17 50
17 28
18 28
18 26
18 59
18 45
18 21
19 21
19 35
19 47
20 34
20 51
20 59
21 23
22 47
22 58
22 49
23 59
23 47
23 43
24 39
24 61
24 33
24 56
25 63
25 35
26 28
27 63
27 39
27 53
27 33
28 50
28 45
29 38
29 52
29 62
29 40
30 61
30 44
31 38
31 36
31 62
32 40
32 63
33 53
33 57
34 54
34 51
34 45
35 53
35 37
36 57
36 56
36 38
37 53
37 57
38 52
38 62
39 60
39 61
40 42
41 46
41 44
41 54
42 51
43 55
43 60
43 49
44 48
45 54
45 59
46 50
47 49
48 61
48 56
48 52
49 60
50 54
52 56
53 63
56 61
57 58
60 61
