255 569 15.3319
14.3421 1.85958
8.54264 2.57253
0.488901 4.21263
13.6793 5.2206
10.0918 14.8032
13.9342 10.3776
1.94354 10.2335
8.87001 0.623651
13.7097 9.57092
14.6858 5.1097
7.78557 13.7242
10.5354 3.51913
13.4418 6.02622
10.279 13.9718
9.44429 4.57286
14.0716 7.78328
13.8437 2.5393
4.64191 0.524014
9.3612 2.775
10.2626 10.2278
4.24416 14.349
0.454118 10.9708
14.2669 5.84775
1.45693 8.57006
8.03674 0.744074
6.44473 15.0111
11.1264 9.99169
5.69705 5.41964
14.9792 4.30837
5.78416 4.42398
12.9145 13.0098
6.83465 14.2376
14.6835 13.1983
1.72347 12.0428
1.34302 7.70814
2.62739 9.71331
4.80057 15.0052
9.41128 14.2897
9.44833 10.5878
7.56182 5.21678
3.21514 1.76337
1.67421 9.41496
15.1008 1.46013
11.4365 11.7259
12.0641 9.8899
7.64074 14.5797
12.3931 0.591246
0.13178 9.81552
10.2826 4.3486
2.1898 2.41081
14.4398 3.61364
2.35936 1.53719
6.69641 1.89812
5.15371 11.0389
2.73059 10.5967
14.5792 9.64963
15.1811 8.97359
3.88349 5.35019
1.12011 12.6888
5.0193 5.97845
13.0029 2.77476
10.6091 12.0648
8.67783 12.3681
12.1399 2.51033
3.45491 10.0636
3.36874 14.2285
14.0974 4.45199
5.93053 2.37285
10.4396 12.9613
8.84865 8.17845
6.98827 13.3533
0.750519 11.8496
1.49991 1.81743
14.3971 12.3458
1.69593 0.909444
7.99796 8.54453
12.7944 13.9501
9.30341 15.1887
6.15905 8.4258
0.781608 9.17036
3.97257 2.25985
12.2187 8.43826
2.40791 11.448
4.28369 8.51784
8.67217 3.81479
7.76446 12.8304
0.619778 8.24904
7.28598 1.21199
2.09868 4.32088
1.97016 13.1578
8.50284 14.2554
2.89185 15.0206
9.74416 0.759998
9.63537 8.68885
14.3476 0.945997
13.639 14.5902
1.99709 0.0139604
13.5162 3.55285
9.53815 9.68064
11.9083 14.2916
8.10837 7.61056
0.257686 5.07601
6.57938 0.580956
11.3999 1.93936
12.7947 5.40153
5.3237 7.97086
1.28939 3.81299
4.13973 7.57096
8.59218 13.304
3.35426 9.13835
1.14089 13.623
8.66379 10.1014
11.1228 13.6164
12.0598 13.3395
8.76492 9.1159
5.90517 11.6073
10.5004 8.24833
12.3045 1.57395
6.05416 9.57278
1.26176 6.78467
7.39916 6.96252
13.4422 12.2498
7.61738 4.23748
2.14992 3.35015
5.62986 14.5665
11.8499 5.66735
10.2781 2.63524
11.6865 15.2838
12.968 11.3742
8.34005 15.2066
11.3517 12.6593
9.62229 1.88481
9.62699 3.66357
9.57374 13.3674
10.9762 14.5864
0.164309 13.6651
9.97906 11.3542
9.05752 5.73652
2.89018 4.8917
4.27132 9.49648
6.07994 13.6806
1.02793 10.1098
14.333 15.2913
1.39337 14.5716
2.34192 14.2025
3.96741 4.39046
1.21281 4.79648
2.93027 13.369
6.91243 9.05177
13.1245 4.46268
2.23731 6.63083
11.6311 6.80477
3.09739 2.71362
3.86592 15.2138
6.16904 7.43785
14.5411 6.89062
2.60099 12.4029
5.80219 3.33456
2.74476 0.663307
6.0188 10.6117
10.9095 10.9205
11.256 2.91897
11.3785 3.94118
10.6612 7.13219
12.1099 4.67581
11.5053 0.950953
7.87903 10.7438
3.95861 13.4454
12.5682 6.38404
11.4987 9.107
0.319418 3.28612
7.84221 9.51575
1.01023 0.191997
3.39821 11.3154
15.1099 11.6527
14.7744 2.70147
11.4351 7.83313
9.66283 12.3395
0.13986 12.6375
4.68444 12.6883
6.6344 3.95655
4.25388 10.6269
7.85867 3.2361
3.29186 8.13567
12.4385 7.46263
0.968842 5.80652
0.377368 2.22042
5.14383 10.0527
14.1875 8.74076
10.4621 9.27918
4.40413 11.6727
12.8076 9.25015
4.81553 5.01051
3.64553 12.4305
2.31652 7.68046
14.9833 8.01263
2.40701 8.75671
0.716478 1.20445
8.06866 6.0647
7.84562 11.8161
10.0307 5.34792
10.5379 1.39142
8.80816 6.86322
5.19364 8.98166
3.76375 0.940978
1.27547 2.79473
4.92909 3.93531
8.84985 11.3754
12.969 10.3242
0.315939 14.7067
3.04636 3.86042
14.8736 10.6082
2.01507 5.49545
15.2834 0.422458
7.65915 2.16854
10.872 6.06173
12.6859 14.9664
6.86132 12.3486
6.97978 6.02538
5.5913 0.269171
13.214 8.23447
6.58634 5.01225
5.00557 6.98978
11.0673 4.96871
5.94107 6.38698
9.83226 6.45064
5.01023 13.7213
12.3175 12.2123
3.2232 7.05392
6.96268 10.12
15.2314 6.05448
4.08877 6.35077
14.624 14.2627
1.44288 11.0864
13.7481 13.5504
10.6616 0.274188
6.90091 11.2379
0.272029 7.11651
8.49089 4.83584
6.81128 2.89666
3.04766 5.93732
12.4278 3.62608
9.67343 7.57568
12.0064 10.8984
8.60298 1.57557
4.71311 1.52468
5.77833 12.6554
13.4018 0.50292
14.042 11.3666
4.008 3.30382
5.84398 1.34957
13.4543 7.01868
13.3688 1.65571
7.1139 7.98858
4.94338 2.6527
0 252
0 42
0 16
0 175
1 214
1 182
1 18
2 170
2 28
2 106
2 101
2 146
3 66
3 104
3 12
4 77
4 37
4 134
4 235
5 208
5 8
5 211
5 248
6 41
6 141
6 54
6 35
6 233
7 129
7 77
7 24
7 92
7 244
8 191
8 188
8 55
9 66
9 28
9 22
9 101
10 85
10 70
10 108
10 45
10 90
11 126
11 161
11 132
11 48
11 162
12 104
12 22
12 168
12 251
13 133
13 112
13 134
14 132
14 48
14 238
14 200
15 251
15 220
15 195
15 188
16 252
16 60
16 175
17 36
17 204
17 219
17 245
18 131
18 126
18 132
19 189
19 98
19 160
20 167
20 226
20 65
20 153
20 36
21 211
21 174
21 233
22 230
23 86
23 34
23 41
23 196
24 129
24 87
24 244
25 124
25 31
25 102
26 189
26 169
26 160
27 192
27 221
27 59
27 224
28 66
28 50
29 206
29 180
29 221
30 227
30 121
30 113
30 234
31 140
31 70
31 45
32 73
32 178
32 234
32 135
33 233
33 82
33 58
33 156
34 119
34 86
34 194
35 196
35 109
35 64
35 54
36 124
36 219
37 133
37 90
37 77
38 111
38 98
38 207
38 136
39 221
39 238
39 218
39 198
40 204
40 51
40 80
40 152
41 196
41 141
42 94
42 197
42 186
43 160
43 243
43 61
43 130
43 227
44 169
44 191
44 243
45 129
45 90
46 216
46 165
46 247
47 56
47 79
47 211
47 55
47 141
48 132
48 223
49 72
49 51
49 205
49 123
49 152
50 175
50 97
50 66
51 74
51 158
51 72
52 250
52 214
52 87
52 239
52 67
53 187
53 159
53 190
53 115
54 64
54 173
54 82
55 188
55 56
55 211
56 195
57 145
57 192
57 240
57 231
58 178
58 71
58 110
59 192
59 231
59 222
59 224
60 63
60 241
60 97
61 136
61 177
61 68
61 130
62 207
62 199
62 177
62 108
63 103
63 117
63 161
64 109
64 181
65 147
65 167
65 91
66 149
67 250
67 254
67 157
67 239
68 130
68 133
68 112
69 100
69 242
69 75
69 114
69 93
70 217
70 85
70 140
71 174
71 233
71 178
72 74
72 197
72 205
73 248
73 174
73 121
74 172
74 96
75 253
75 100
75 114
75 171
76 113
76 234
76 216
77 129
78 105
78 253
78 148
79 86
79 141
80 245
80 152
80 249
80 254
81 176
81 184
81 220
81 169
81 191
82 233
82 173
82 156
83 107
83 203
83 139
84 182
84 132
84 238
85 217
85 199
85 108
86 195
87 102
87 214
88 123
88 106
88 138
89 156
89 110
89 147
90 108
90 129
91 144
91 153
91 96
91 158
92 235
92 201
93 116
93 114
93 189
94 142
94 247
95 234
95 216
95 232
95 142
96 143
96 172
96 158
97 149
98 114
98 189
98 111
99 113
99 134
99 216
100 120
100 202
100 253
101 185
101 146
101 230
102 219
102 250
103 165
103 201
103 117
103 161
104 164
104 149
104 125
104 168
105 222
105 154
105 203
106 205
106 123
106 146
107 228
107 222
107 183
108 133
109 183
109 196
109 139
110 135
110 143
111 171
111 166
112 130
112 113
112 134
113 130
114 171
115 159
115 236
115 246
116 242
116 176
116 189
117 165
117 252
118 203
118 148
118 187
118 229
119 185
119 150
119 237
120 218
120 253
121 128
121 248
122 182
122 180
122 238
123 205
123 210
124 226
124 140
124 219
125 223
125 215
125 168
126 131
126 161
127 134
127 216
127 165
128 208
128 243
128 248
128 227
130 227
131 244
131 201
133 177
134 235
135 178
135 232
135 209
136 160
136 177
137 238
137 200
137 198
137 225
138 210
138 212
138 240
139 203
139 187
140 246
140 226
141 233
142 232
142 247
142 213
143 144
143 172
144 147
145 249
145 210
145 206
145 192
146 185
146 212
147 156
147 167
148 253
148 229
148 171
149 241
149 164
150 240
150 228
150 194
151 215
151 168
151 176
151 163
151 184
152 249
153 204
154 224
154 253
155 251
155 230
155 237
156 193
157 254
157 206
157 180
158 204
159 187
159 229
159 236
160 243
161 162
162 241
162 164
162 223
163 225
163 242
163 176
164 241
164 223
165 235
165 201
166 236
166 199
167 193
167 179
167 226
168 251
169 189
170 186
170 175
170 205
171 229
172 209
172 213
172 197
173 190
174 211
174 248
174 178
175 186
176 184
179 190
179 193
179 246
179 226
180 239
180 221
181 187
181 190
182 214
182 239
183 228
183 194
183 196
184 251
184 220
185 212
185 230
186 197
186 205
187 203
188 220
188 195
190 193
191 220
191 208
192 206
194 228
194 196
195 237
197 213
198 218
198 202
199 236
199 207
200 223
200 215
202 225
202 242
204 245
206 249
208 243
209 232
209 213
210 249
211 248
212 240
214 244
214 239
215 223
215 225
216 247
217 236
217 246
218 221
218 224
219 250
222 231
222 224
225 242
228 240
228 231
229 236
230 237
231 240
232 234
245 250
245 254
247 252
249 254
