63 139 7.6607
2.3537 3.36595
1.48488 5.94703
7.19012 2.11627
6.90329 5.15732
4.64368 2.54349
4.58878 1.69531
4.13559 5.40606
1.20147 0.200135
5.30712 6.82333
7.54771 5.72788
5.50045 5.96729
3.02673 2.83328
2.81888 0.96439
6.49051 2.63167
6.09117 3.44245
1.21817 1.08881
0.265325 1.63498
2.32333 4.24035
2.00877 0.566511
5.19135 3.2405
5.00282 5.20447
0.518664 3.5924
4.538 0.658955
3.09664 4.77629
3.78991 2.31516
7.13819 1.12149
2.16176 2.48563
2.04539 1.5174
0.630296 6.29111
2.9354 1.89464
7.36784 6.64478
6.37213 1.6887
4.59037 6.21563
0.473711 7.27049
6.53662 4.29461
5.97409 5.13971
7.18207 7.63354
5.36367 0.11132
3.18879 3.78398
3.39905 6.80287
2.53777 7.39547
3.26637 5.76326
3.74032 1.26613
1.4276 3.18079
6.31141 0.543939
3.47345 0.232938
6.23381 7.13507
4.06264 4.44448
0.34344 0.634679
4.16382 3.37241
5.5571 2.29693
2.38013 6.33455
1.31004 4.25056
1.46715 6.92062
2.16653 5.24597
5.43363 1.18917
6.49912 6.06321
7.60208 4.45693
5.38922 4.24346
1.16967 2.1159
7.15257 3.40493
4.3941 7.27331
0.780538 5.23858
0 26
0 43
0 38
0 11
0 17
1 62
1 54
1 53
2 31
2 16
2 13
3 57
3 35
3 56
3 9
4 24
4 5
4 50
4 49
4 19
5 42
5 55
6 47
6 41
6 32
6 20
7 33
7 53
7 48
7 15
7 18
8 32
8 10
8 61
8 46
8 37
9 62
9 28
9 30
10 32
10 20
10 35
10 56
11 26
11 24
11 38
12 18
12 45
12 42
12 29
13 50
13 31
13 14
13 60
14 19
14 34
15 48
15 59
15 27
16 25
16 48
16 59
17 38
17 52
17 23
17 54
18 40
18 27
19 50
19 58
20 58
20 35
21 60
21 43
21 57
21 52
22 61
22 42
22 55
22 37
23 38
23 47
23 54
23 41
24 29
25 44
25 48
25 31
26 59
26 27
26 29
26 43
27 59
27 29
28 62
28 30
28 33
28 53
29 42
30 56
30 36
30 33
31 55
31 50
32 61
33 36
33 53
33 48
34 60
34 57
34 35
35 58
35 56
36 44
36 48
37 61
37 55
37 44
38 49
39 41
39 40
39 61
40 51
40 45
41 51
42 45
43 59
43 52
44 46
44 55
45 61
46 56
47 49
50 55
51 54
51 53
52 62
57 60
57 62
