128 289 10.8693
3.19985 5.4278
8.37984 0.194259
4.16489 6.54055
2.46226 4.01221
1.72014 10.287
10.0872 6.02581
8.0487 8.64879
8.54396 4.85919
10.7036 1.78026
8.17622 2.09544
9.58769 1.39551
2.1292 0.555163
6.2179 2.24488
4.55465 0.0761369
7.9362 7.56047
9.70626 7.54098
2.55023 8.01399
8.73232 1.25021
4.99295 5.30785
10.6626 9.86101
7.91399 10.3409
6.33704 7.73618
9.04189 2.07783
4.38979 8.17321
9.64722 8.4165
6.87385 1.1421
8.79989 2.94008
8.20975 9.50596
9.5108 6.67983
5.62145 2.89799
4.16755 9.04685
9.77951 9.76445
2.46882 1.37741
0.609827 7.07621
7.83478 1.27523
5.6592 7.14192
0.179625 0.0848318
9.93357 2.21602
8.67977 7.06043
10.3229 9.02594
1.34992 6.52628
6.00667 1.37427
1.03017 2.99381
6.75035 2.96992
6.3993 0.352144
7.92251 5.57115
5.3231 2.01633
2.73949 2.26471
3.30012 6.31267
3.67552 10.7175
7.14221 3.82989
5.58312 4.60823
1.71723 8.38155
1.94417 3.27845
4.02749 0.826896
3.39576 1.56307
9.06928 9.14454
10.1522 10.6355
9.34515 4.19559
1.70756 7.41169
6.98662 10.271
7.08807 7.17713
7.65256 4.6496
0.369745 3.69271
6.3657 6.50365
6.96274 5.70923
4.70846 7.28036
10.3194 0.817917
3.68604 2.51075
7.85433 6.54712
0.726229 2.06297
4.36979 1.76941
10.3428 4.14414
4.10092 5.61564
3.0628 0.621492
4.66746 2.74883
0.800659 8.0206
4.40239 4.56172
8.76203 8.03778
8.76068 6.08158
2.66194 7.07457
0.623322 4.66816
1.54365 4.19945
5.49577 10.806
2.96214 3.23087
8.37006 3.92297
1.5366 9.36152
4.45773 9.9895
5.36129 8.07941
1.73931 2.29459
1.4929 1.27865
3.6758 7.35647
3.43461 8.39594
7.20502 8.19445
5.93148 5.56799
6.12727 3.75035
2.64336 10.5329
0.456537 1.04948
2.53732 8.99328
5.05395 3.72878
7.24415 9.27024
2.26736 6.09379
3.97978 3.55695
0.468912 9.02689
10.7917 2.75231
6.612 4.71989
7.20127 2.06685
10.5669 5.17995
10.4807 6.91969
5.10687 6.2931
8.90205 10.2445
7.43207 0.33893
1.19421 0.241986
3.33413 4.45886
7.78794 3.00891
0.751962 10.1002
6.02653 9.87
9.776 3.23034
5.16945 9.15351
0.353777 6.08382
1.31884 5.49601
10.59 8.03127
9.32686 0.428867
9.45617 5.25226
3.38739 9.70727
2.32243 4.98038
5.07153 0.94568
6.2438 8.75227
0 113
0 125
0 73
0 48
1 20
1 110
1 111
1 122
2 73
2 48
2 109
2 91
2 66
3 53
3 84
3 82
3 113
3 125
4 86
4 115
4 96
4 112
5 123
5 107
5 28
5 108
6 93
6 78
6 27
7 85
7 62
7 123
8 97
8 37
8 70
8 104
9 106
9 34
9 22
9 114
10 122
10 67
10 22
10 17
10 37
11 112
11 74
11 90
11 32
12 41
12 29
12 43
13 87
13 49
13 83
13 54
13 126
14 61
14 38
14 93
14 78
15 28
15 108
15 24
15 121
16 80
16 52
16 92
16 98
17 122
17 34
17 22
18 77
18 51
18 73
18 94
18 109
19 39
19 57
19 31
19 115
20 27
20 60
20 110
20 111
21 35
21 61
21 93
21 127
22 37
22 26
23 92
23 66
23 88
23 30
24 78
24 121
24 56
24 39
25 44
25 111
25 41
25 106
26 114
26 117
27 100
27 56
27 110
28 79
28 38
28 108
29 46
29 75
29 95
30 92
30 118
30 124
30 87
31 56
31 39
31 110
31 57
32 74
32 90
32 55
32 47
33 108
33 119
33 40
33 76
34 111
34 106
35 109
35 64
35 66
35 88
36 57
36 115
36 112
36 97
37 117
37 104
38 69
38 79
38 78
39 121
39 103
40 120
40 101
40 59
41 126
41 46
42 70
42 89
42 53
42 63
43 106
43 114
43 95
43 50
44 83
44 111
45 62
45 65
45 69
45 79
46 71
46 75
47 89
47 55
47 84
47 68
48 80
49 124
49 74
50 114
50 105
50 95
50 62
51 99
51 105
51 95
51 94
52 76
52 59
52 86
52 98
53 89
53 82
54 74
54 126
54 55
55 74
55 71
55 68
57 122
58 117
58 85
58 72
58 123
59 80
60 100
60 116
60 111
61 64
61 69
61 93
62 105
62 85
63 104
63 72
63 81
64 94
64 65
65 105
65 94
66 91
66 88
67 122
67 97
68 71
68 84
68 75
69 79
70 97
70 89
70 104
71 126
71 75
72 117
72 107
74 96
75 102
75 99
76 121
76 103
77 113
77 99
79 123
80 101
80 91
81 82
81 107
81 120
82 125
83 116
83 126
84 102
85 114
86 98
86 115
87 118
87 124
88 118
88 127
89 90
90 112
90 97
91 92
92 98
93 127
93 100
94 105
94 109
95 99
95 105
96 124
97 112
98 124
99 102
100 127
101 125
101 120
102 113
103 115
104 117
106 114
107 123
107 119
108 119
108 121
110 122
112 115
113 125
116 118
116 127
118 127
119 120
120 125
