127 286 10.8666
4.32891 4.57143
4.77978 5.26408
4.20498 8.21375
1.20794 4.14049
10.1064 8.36293
3.28413 1.74799
10.2282 6.84192
9.25883 0.0214305
10.7955 0.329462
2.50246 1.42316
8.51083 0.427107
9.06928 2.14691
9.38141 10.0446
5.57031 4.97298
7.08177 0.704529
5.98653 1.58858
2.74304 8.65783
1.56478 2.19583
2.70204 6.23175
2.46327 7.81276
1.5748 10.1662
4.46913 6.05616
5.10961 4.20943
0.685224 0.766151
0.865151 8.38749
10.5755 7.63795
8.19884 2.17924
7.97752 6.98632
0.594241 7.53347
10.734 1.20808
0.815872 2.68191
5.85887 10.5308
8.76531 9.41246
3.56349 2.58523
7.69966 0.0679955
1.16224 6.81958
10.7659 5.81563
4.20409 0.801743
7.2755 4.35808
3.16433 4.40848
7.60823 7.82316
3.3518 7.98982
1.82268 6.00094
1.64511 0.204725
3.59996 6.31541
0.241398 6.68103
8.3932 5.84926
3.33295 9.94852
10.8415 3.08294
7.50397 6.1954
5.01232 6.7931
3.0406 7.09063
10.7431 2.14645
6.7834 10.7049
2.0969 6.91697
10.1222 10.5762
8.21823 4.45794
7.04397 7.04684
9.07409 3.9933
6.04768 4.19339
7.63736 5.24173
0.310777 3.98027
8.84527 3.03831
8.97921 1.22263
0.856795 5.91634
4.82821 8.87685
8.57276 7.72293
7.34655 2.58238
6.52687 6.19562
1.52685 7.71112
6.45521 9.7723
3.82655 10.7873
0.0316337 8.83938
0.750712 1.71711
9.92382 0.674389
1.60455 1.17921
5.4453 9.66921
5.28675 2.22388
6.6403 7.96738
9.18633 8.5366
9.88072 1.68237
2.90378 3.44617
3.89424 3.74995
8.47982 10.345
1.78478 8.69557
6.94093 1.64584
9.96344 9.29279
8.14404 8.65803
5.52808 5.92995
0.436382 4.98444
4.4994 2.90562
1.49178 5.05336
5.14153 1.12381
10.8511 9.87671
9.59438 7.56088
3.65928 8.99284
0.72509 10.6502
3.2006 0.75979
7.48962 9.95434
6.30522 2.50338
8.92684 6.71819
2.16874 4.21203
9.85062 2.74693
6.10609 0.623772
3.68754 5.29448
7.89695 3.47619
5.86889 8.69756
7.92772 1.21439
6.79085 3.47331
7.09726 8.92979
0.954708 9.3863
2.37964 9.58665
10.2154 4.95286
2.60679 10.6918
2.57049 5.24612
5.52188 3.28367
5.99462 7.11173
1.70261 3.19644
9.75003 5.97994
4.07541 7.24127
10.1182 3.83287
2.5459 2.41943
4.27412 1.82902
9.08517 5.05875
5.12502 7.84398
6.57056 5.12341
4.37828 9.85624
0 82
0 22
0 104
0 1
1 13
1 21
2 119
2 41
2 124
2 95
2 65
3 61
3 101
3 91
4 94
4 25
4 79
4 86
4 72
5 9
5 122
5 121
5 33
6 118
6 45
6 94
6 25
7 83
7 12
7 10
7 74
8 55
8 96
8 74
8 23
8 29
9 75
9 97
9 121
10 83
10 34
10 107
10 63
11 26
11 63
11 80
11 62
12 32
12 86
12 83
12 55
13 59
13 88
13 125
14 53
14 103
14 34
14 85
14 107
15 92
15 103
15 77
15 85
15 99
16 41
16 111
16 84
16 95
17 73
17 30
17 117
17 121
18 42
18 114
18 54
18 51
18 44
19 51
19 69
19 41
20 110
20 111
20 96
20 43
21 44
21 50
22 115
22 59
23 96
23 73
24 28
24 69
24 110
24 72
24 84
25 94
25 28
26 107
26 67
27 57
27 49
27 100
27 40
27 66
28 45
28 35
28 69
29 80
29 52
30 73
30 48
30 117
31 76
31 70
31 53
31 103
32 87
32 79
32 83
33 122
33 121
33 90
34 53
34 98
34 83
35 64
35 45
35 54
35 69
36 118
36 112
36 89
36 64
36 45
37 71
37 97
37 92
37 122
38 108
38 56
38 125
38 60
39 101
39 82
39 114
40 57
40 78
40 66
40 87
41 51
41 119
42 64
42 91
42 54
43 96
43 113
43 75
44 104
44 51
44 119
46 60
46 123
46 49
46 100
47 111
47 95
47 113
47 126
47 71
48 52
48 120
48 61
49 60
49 68
49 57
50 88
50 119
50 116
50 124
51 54
51 119
52 80
52 73
53 70
53 98
53 103
54 69
55 93
55 74
56 105
56 58
56 60
56 123
57 116
57 68
57 78
58 62
58 120
58 123
59 115
59 108
59 125
60 125
61 120
61 89
62 105
62 102
63 107
63 80
64 89
65 124
65 106
65 126
65 76
66 94
66 87
66 79
67 85
67 108
67 99
67 105
68 88
68 125
68 116
69 84
70 109
70 76
70 98
71 126
71 97
72 86
72 93
73 75
74 80
76 106
76 126
77 122
77 90
77 115
77 99
78 116
78 106
78 109
79 94
79 87
80 102
81 121
81 101
81 82
82 90
83 98
84 110
84 111
85 107
85 99
86 93
87 109
89 112
89 91
90 122
90 115
91 101
91 114
92 103
93 110
93 96
94 100
95 126
97 113
98 109
99 115
99 108
100 118
101 117
101 114
102 120
104 114
105 108
106 124
111 113
112 120
112 123
112 118
116 124
117 121
118 123
