128 289 10.8429
5.97141 5.6213
3.73904 10.0754
0.90744 0.992128
5.16474 8.28958
1.96981 7.17493
5.97781 8.0863
2.74041 7.5112
5.32659 7.46172
5.93971 10.5082
2.49664 1.79736
1.911 0.818107
5.04984 4.77436
8.05405 9.41221
8.59884 5.83116
8.57907 10.0907
5.56052 2.80251
6.24168 9.71125
0.364709 0.334689
9.62659 8.2485
7.11611 9.55386
10.5024 8.15778
9.52384 5.49323
7.44033 0.230323
8.72528 1.08131
1.75789 5.28012
7.7127 10.2227
0.228283 4.59353
9.4847 1.55774
6.9509 1.34224
8.67916 1.9733
10.4432 9.91261
4.20102 0.198675
3.85286 1.04014
4.48327 7.73211
3.63057 8.08045
5.23422 1.9722
2.63669 3.58617
2.26001 9.18261
7.8196 1.05316
3.30163 10.8402
4.46942 9.58044
6.82077 10.4062
1.24795 4.51518
4.35752 8.65441
2.75851 8.40097
7.48053 8.72261
9.33051 2.63319
2.35744 0.0314904
1.08838 7.32028
8.35736 6.82546
6.92815 7.95271
9.52521 0.623912
7.24765 7.0473
6.29432 7.24164
4.02944 5.09205
5.52858 0.464753
0.264227 9.17872
0.654471 3.76021
9.39371 10.5081
9.31236 9.53152
10.1445 9.01737
1.27693 0.159297
10.4191 6.4916
9.97028 7.37672
6.51393 8.83037
9.0023 7.55383
0.112885 7.33669
2.21987 4.45934
0.174582 2.89619
4.80319 1.11047
3.57978 7.11982
5.97948 1.35187
6.3408 3.32152
6.52043 0.48805
10.3195 0.0248361
6.60564 6.30064
3.58514 3.37392
2.80862 9.99116
8.40013 0.178645
9.10506 3.64228
2.21028 2.70124
9.00557 4.67813
8.37527 2.89699
1.16876 2.69632
1.65559 3.60927
0.591965 6.44523
4.52932 6.74628
6.00404 4.68076
7.35314 3.1243
1.27444 9.06678
10.0836 3.29753
0.634084 8.22479
5.40526 9.21494
3.22454 2.40459
4.9844 10.4375
4.82686 5.71802
10.2418 2.19698
0.781926 5.40865
1.77981 8.11932
4.3361 4.11141
1.5442 1.71007
2.87321 0.910165
3.6982 6.06741
1.64002 6.26342
3.46135 9.1464
7.64708 6.09536
8.08392 3.92548
4.21701 1.97955
2.7024 6.53345
10.5256 5.44403
6.89091 5.28978
5.56998 6.50822
3.26948 4.38931
4.58961 3.01824
1.7265 10.0541
8.71338 8.66475
5.38911 3.79381
7.66172 2.07268
6.5389 2.27119
0.454028 1.86795
7.98374 5.03532
9.35389 6.49737
0.591623 10.1877
10.4624 1.10013
7.97081 7.80575
2.77508 5.408
6.99167 4.17464
10.0639 4.40489
0 87
0 110
0 111
0 75
1 104
1 40
1 77
1 39
2 17
2 61
2 119
2 100
3 33
3 7
3 5
3 43
3 92
4 103
4 108
4 48
4 98
4 6
5 53
5 64
6 108
6 70
6 44
7 111
7 33
8 94
8 41
8 16
8 55
9 101
9 100
9 93
9 80
10 61
10 47
10 101
10 100
11 99
11 87
11 95
12 45
12 115
12 25
12 14
13 120
13 105
13 121
14 59
14 25
14 58
14 78
15 35
15 113
15 72
16 92
16 64
16 41
17 122
17 74
17 61
18 65
18 63
18 20
18 115
18 60
19 64
19 45
19 41
20 91
20 66
20 60
21 81
21 109
21 121
22 41
22 25
22 73
22 78
22 38
23 78
23 38
23 51
23 29
23 27
24 67
24 42
24 97
24 125
24 103
25 41
26 127
26 57
26 109
26 97
27 51
27 29
27 96
28 73
28 38
28 118
28 117
29 117
29 82
29 46
30 60
30 122
30 74
31 39
31 94
31 32
32 101
32 69
32 107
33 86
33 34
33 43
34 70
34 44
34 43
35 69
35 107
35 71
36 84
36 80
36 76
36 67
36 112
37 44
37 89
37 114
37 77
38 117
39 77
39 47
39 101
40 43
40 92
40 94
41 73
42 84
42 57
42 67
42 97
43 104
44 98
44 104
45 50
45 124
45 64
46 96
46 82
46 90
47 114
47 77
47 101
48 85
48 91
48 66
49 105
49 121
49 124
49 65
50 52
50 53
50 124
50 64
51 58
51 123
51 74
52 75
52 105
52 124
53 111
53 75
54 112
54 99
54 95
54 102
55 94
55 69
55 73
55 71
56 91
56 60
56 89
56 122
57 68
57 84
58 59
58 74
59 115
59 60
61 122
61 114
62 109
62 121
62 85
62 63
62 66
63 121
63 65
63 66
65 124
66 85
66 91
67 84
67 112
68 96
68 119
68 90
68 83
69 107
70 108
70 102
70 86
71 73
71 118
72 118
72 88
72 116
72 126
74 123
75 110
75 111
75 105
76 93
76 113
76 112
76 99
77 104
77 114
79 82
79 90
79 106
79 81
80 93
80 83
81 127
81 120
82 117
82 88
82 106
83 119
83 100
83 84
85 97
85 103
86 95
86 102
86 111
87 116
87 126
87 110
88 117
88 126
88 106
89 91
89 98
89 114
90 127
93 107
95 111
96 123
96 119
97 109
99 112
99 116
100 119
102 108
103 108
105 110
105 120
106 126
106 120
107 113
108 125
109 127
110 126
110 120
112 125
113 116
114 122
115 124
117 118
119 123
