128 286 10.8842
2.16373 0.118601
1.68312 9.63583
1.75989 1.5111
8.14901 7.74431
2.6156 8.43
6.7823 5.2262
6.22183 7.96827
4.03571 9.64097
8.88224 8.15221
5.29877 2.83392
2.31569 10.1826
9.31693 4.73618
9.13586 6.25762
8.27009 6.25386
9.18186 2.28507
0.0379448 2.42505
3.80713 0.596479
1.83839 2.35928
4.66421 7.86129
9.49 7.4951
2.54832 1.85034
7.03891 3.27647
9.06651 9.00307
3.7267 7.10621
6.00158 5.60381
5.48182 7.51269
2.1611 6.90485
7.45265 1.29489
6.33866 0.262345
10.6628 3.27067
4.31687 3.18225
7.84281 3.73143
2.48909 9.31309
1.94813 7.78357
4.70973 0.262747
3.86708 6.21817
10.5023 7.738
10.6175 4.9402
8.39756 9.60376
3.00336 6.55814
5.52947 10.7122
7.24274 0.397363
10.0234 2.61501
6.06361 4.69263
9.19755 0.402112
3.60756 2.5872
3.04822 0.0111871
5.07928 3.71323
8.69788 7.04832
8.72534 4.0458
6.87335 10.3912
2.36245 4.15537
8.92928 10.3766
1.01768 6.12117
3.18832 9.94535
7.58468 5.64948
2.66851 2.7654
3.74835 8.02963
6.62392 7.15163
9.92858 9.37157
1.28348 4.16828
1.9865 5.98321
9.32459 1.36332
0.177304 6.96181
6.75334 6.17388
3.96093 10.5571
4.51838 2.24877
9.33833 3.28944
8.70764 5.43275
5.46219 1.91317
0.233101 10.8652
1.84755 4.99594
9.78113 8.38539
2.8802 7.53722
1.72889 8.71645
2.6403 0.908278
8.09802 8.67571
3.24464 4.59901
3.38753 8.9621
4.40259 8.78379
0.846302 9.24187
4.53096 1.22723
2.91863 5.57734
0.268879 4.11057
6.51177 8.87147
4.18306 4.15192
7.6212 6.95838
5.06925 4.72171
1.82228 3.31385
5.04559 5.7847
7.97445 4.71236
4.94803 9.89954
9.93931 10.391
3.31099 3.5534
6.08426 3.68668
5.78547 6.56274
10.3159 1.66472
1.37363 0.641096
10.8636 9.84737
1.19823 7.12575
9.82822 5.56899
0.839236 8.14871
1.19759 10.4567
0.926378 2.00807
6.02154 9.82037
8.22236 0.661085
8.34977 1.75235
6.99391 4.27325
0.765968 3.10205
7.89812 10.49
10.8779 5.92428
7.38925 9.49074
5.53495 0.856258
8.36783 2.86398
4.1063 5.23323
6.45981 1.49028
10.0426 6.66373
3.50504 1.55425
10.0571 4.0799
6.27414 2.60769
10.7814 8.73596
0.356097 1.05487
7.37432 2.31539
5.45801 8.59986
7.21355 8.03726
10.2153 0.568991
0.764252 5.09525
4.70643 6.84009
0 10
0 97
0 75
0 46
1 80
1 74
1 32
1 102
1 10
2 97
2 103
2 17
2 20
3 86
3 48
3 124
3 8
3 76
4 73
4 74
4 78
5 107
5 43
5 24
5 55
6 58
6 25
6 124
6 123
6 84
7 78
7 79
7 54
7 65
7 91
8 72
8 76
8 22
9 69
9 119
9 47
10 32
10 54
11 49
11 118
11 68
11 100
12 68
12 100
12 13
12 48
12 116
13 55
13 68
13 86
13 48
14 106
14 62
14 113
14 42
15 96
15 103
15 29
15 108
16 65
16 117
16 81
17 103
17 20
17 88
17 56
18 127
18 57
18 25
18 79
19 48
19 116
19 72
20 75
20 117
20 56
21 122
21 119
21 107
22 72
22 38
22 59
23 39
23 127
23 35
23 73
23 57
24 43
24 89
24 95
24 64
25 127
26 61
26 99
26 39
26 33
26 73
27 41
27 105
27 115
27 122
27 106
28 40
28 50
28 112
28 41
29 42
29 108
29 118
29 83
30 66
30 45
30 85
30 47
31 113
31 107
31 90
31 49
32 74
32 78
32 54
33 99
33 73
33 74
34 65
34 40
34 112
34 81
35 114
35 39
35 127
36 63
36 72
36 120
37 118
37 83
37 110
37 100
37 126
38 111
38 76
38 109
38 52
39 82
40 104
40 91
40 112
41 109
41 105
42 96
42 67
43 87
43 107
43 94
44 52
44 105
44 125
44 62
45 117
45 66
45 93
45 56
46 54
46 65
46 75
47 85
47 87
47 94
49 67
49 90
50 111
50 104
50 109
51 88
51 77
51 71
52 109
52 92
53 110
53 126
53 61
53 99
54 78
54 65
55 90
55 64
56 88
56 93
57 73
57 78
57 79
58 95
58 64
58 86
58 124
59 72
59 120
59 92
60 88
60 83
60 126
60 71
61 71
61 82
62 106
62 96
63 110
63 116
63 99
66 81
66 69
67 113
67 118
68 90
69 112
69 119
70 98
70 102
70 125
70 121
71 126
72 120
74 101
74 80
75 117
76 124
77 93
77 85
77 82
77 114
78 79
79 123
80 120
80 98
81 112
81 117
83 118
83 126
84 124
84 123
84 111
84 104
85 93
85 87
85 114
87 114
87 89
88 108
89 114
89 127
89 95
90 107
91 104
92 98
92 125
94 119
94 107
95 127
96 125
96 121
97 102
97 121
98 120
99 101
100 110
100 116
101 120
103 121
103 108
105 109
105 106
106 122
106 113
109 111
110 126
110 116
112 115
113 122
115 119
119 122
121 125
