126 283 10.8611
3.4776 4.35295
0.689285 8.78326
6.65595 2.06303
1.61224 6.05971
7.09069 0.121418
4.90206 3.05371
8.62658 3.25276
1.13571 3.21716
7.87489 6.80081
10.7094 8.20657
8.07013 10.827
9.38215 4.61595
10.4314 2.30376
6.2395 8.85775
5.21616 7.08498
9.55301 2.75186
8.99358 9.19685
2.25042 1.76295
2.22905 4.02595
10.4323 6.25107
3.55813 5.2072
5.32779 10.4604
7.82125 8.59882
2.5912 9.93839
2.62082 10.832
9.75351 0.766598
7.84404 2.63083
6.01486 5.64919
2.42418 5.74583
7.83008 5.47055
5.89063 2.49054
8.65879 5.11121
8.13384 9.43957
10.4984 1.28121
5.28132 6.19537
7.70422 4.55373
7.83081 7.68964
0.358831 2.7996
3.4815 7.22505
4.31186 5.70492
1.52416 8.49552
2.68236 7.70164
1.75201 7.58419
8.73178 2.36811
6.20327 0.0361997
5.1424 5.27011
7.50271 1.76799
0.161851 6.95357
7.04699 7.1582
10.5821 0.342669
1.32132 4.10228
6.72428 0.945107
9.7572 10.6935
0.375946 1.86416
5.99741 3.42759
7.1 9.18871
9.57264 6.60613
2.61177 0.907724
8.57374 4.16742
10.5872 5.33147
0.518577 0.909634
8.89557 0.380481
1.13566 6.83627
7.69349 0.810155
0.616966 10.7952
3.44279 10.3553
10.6509 10.2216
9.78371 9.70379
7.76248 3.58359
8.7134 8.2995
2.69321 4.83487
9.44867 3.68713
1.77628 9.44252
4.35107 4.67471
10.3593 3.24608
2.88662 2.47381
4.46248 0.0236865
7.44426 10.1236
6.42238 9.93122
3.5369 0.496955
0.379064 3.78258
4.5328 7.75164
7.15562 6.17524
2.06579 3.08417
10.0984 7.47533
3.36093 9.33874
6.92147 2.97312
0.600933 4.80983
5.88872 1.50296
3.04416 3.50599
5.13362 3.97669
5.36022 0.578299
5.41549 8.34111
5.93661 4.65774
4.33249 6.70408
4.42049 1.08154
6.08578 7.49217
10.6795 9.17481
2.51616 8.69479
3.94213 2.5544
6.82643 4.0482
9.57793 5.56945
8.56671 1.36888
6.8864 5.14633
4.11637 3.63198
6.93205 8.16929
2.33388 6.7404
8.752 7.24931
10.3148 4.31829
1.65549 5.08535
9.59978 1.76272
1.56695 0.789179
0.747241 7.81301
0.756072 9.75569
3.43684 1.56648
8.83074 10.1862
0.618264 5.90867
1.65203 10.5176
3.34225 6.19726
5.44368 9.45149
1.36083 2.24227
8.61398 6.13517
3.56519 8.2637
4.94566 2.06247
9.76337 8.53375
4.36237 9.79383
0 89
0 104
0 73
0 70
0 20
1 112
1 97
1 40
1 113
2 88
2 46
2 30
2 86
3 109
3 28
3 62
4 77
4 51
4 44
4 63
5 123
5 104
5 90
6 43
6 68
6 71
6 58
7 120
7 37
7 83
7 80
7 50
8 82
8 48
8 121
8 36
8 107
9 84
9 112
9 124
9 97
10 77
10 115
10 63
10 61
11 71
11 58
11 108
11 101
11 31
12 110
12 53
12 74
13 92
13 105
13 119
13 55
14 94
14 34
14 81
14 96
15 110
15 43
15 74
15 71
16 69
16 32
16 124
16 115
16 67
17 57
17 120
17 75
18 83
18 89
18 50
18 70
19 59
19 56
19 47
20 73
20 70
20 39
20 118
21 119
21 76
21 91
22 105
22 36
22 69
22 55
22 32
23 72
23 85
23 65
23 24
24 117
24 65
24 57
25 52
25 61
25 49
25 110
25 33
26 46
26 43
26 86
26 68
27 93
27 103
27 34
28 109
28 70
28 106
28 118
29 103
29 31
29 82
29 121
30 123
30 88
30 54
31 58
31 121
32 77
32 115
33 49
33 60
33 110
33 53
34 45
35 68
35 100
35 58
35 103
36 48
36 105
36 107
37 53
37 74
37 80
38 118
38 94
38 122
38 41
39 45
39 94
40 112
40 42
40 72
40 98
41 106
41 42
41 122
41 98
42 62
42 106
42 112
43 102
44 78
44 91
45 73
45 93
46 63
47 62
47 112
48 82
48 105
48 96
49 66
49 52
49 64
49 60
50 87
50 80
50 109
51 63
51 88
52 115
52 67
53 60
53 120
54 90
54 100
55 105
55 78
55 77
56 101
56 121
56 107
56 84
57 111
57 79
57 114
58 68
58 71
59 108
59 87
59 101
59 116
60 64
60 111
61 115
61 102
62 116
62 112
63 102
64 66
64 113
64 117
65 85
65 125
65 79
66 97
66 67
66 113
67 97
67 115
68 86
68 100
69 107
69 124
70 109
71 74
71 108
72 98
72 113
72 117
73 104
73 90
74 108
74 80
75 114
75 83
75 89
75 99
76 125
76 79
76 95
76 91
77 78
78 119
79 95
79 114
80 108
80 87
81 94
81 122
81 92
82 103
83 120
84 124
85 122
85 98
85 125
86 100
87 116
87 109
88 91
88 123
89 104
90 104
90 93
91 95
92 96
92 119
93 100
93 103
94 118
95 114
95 123
96 105
97 124
97 113
99 114
99 123
99 104
100 103
101 121
102 110
107 121
111 117
119 125
