254 573 15.3561
13.3169 1.9915
2.02857 2.75885
13.7065 14.0239
6.7599 3.30815
2.1538 5.09821
8.2926 8.21189
13.3842 4.53872
6.91369 12.5719
10.832 5.14713
10.1284 12.5443
10.8238 12.0677
12.6154 7.13804
9.29716 12.4937
14.3467 12.5403
2.03496 6.6824
11.6085 1.61786
12.1918 0.974019
3.72468 2.04204
13.7113 15.1813
7.88759 5.96188
7.23047 13.3566
2.40458 11.9348
14.4488 11.6944
9.93622 1.92742
2.87102 6.83874
3.41814 2.87652
7.0733 2.48783
6.23204 2.63936
4.38056 6.67802
7.82085 1.2452
4.50281 0.510302
8.36869 0.569943
4.26907 2.71221
7.03444 6.10895
4.41168 9.99157
7.95697 10.0425
3.97765 1.21291
1.65756 7.4546
3.45467 14.8375
1.99661 4.25513
14.9854 3.86902
4.3732 5.79905
4.57273 1.86599
0.903541 9.52261
8.62917 3.28215
12.7849 7.9916
8.9695 11.0896
9.76125 10.6728
13.5882 8.37495
11.0247 15.1202
12.0203 14.3615
0.0413978 8.12619
6.12376 8.98234
7.5922 6.78327
0.793072 7.64872
0.803201 14.8713
4.01092 13.1018
12.1257 3.38501
15.1616 15.1959
5.14483 5.33756
6.74813 7.09917
3.6712 7.20638
10.0107 2.81048
12.4687 1.81039
11.5572 11.5825
5.30433 8.30959
1.82791 8.33052
3.57827 6.29967
11.751 12.4756
2.6792 14.3901
12.8268 5.22231
10.4057 3.63303
10.2039 6.53847
10.5386 1.28191
0.148812 4.91022
12.7555 2.71433
4.43302 8.62165
10.9738 6.02059
6.01363 12.5465
10.8685 9.09735
5.16216 6.2544
11.2268 3.20929
2.2666 12.8197
5.23655 10.3601
2.02428 13.7278
7.47221 11.874
3.77499 13.992
10.0952 8.56007
11.8484 2.50084
2.65393 8.81572
0.539617 0.392611
12.011 9.66722
9.33724 6.88722
11.3113 0.766726
3.61076 0.373274
14.842 10.8868
6.5336 11.7602
9.61507 1.08184
5.07908 12.7887
8.7177 1.41571
12.4547 11.856
1.35652 13.0509
6.07596 9.91458
8.5068 4.19086
8.33851 15.011
5.9071 1.78753
15.1955 12.2179
14.7504 9.93573
0.31289 11.3717
3.57338 10.3794
3.55304 5.3616
5.39761 4.43419
8.01028 12.8857
13.0037 11.0582
1.03419 13.9619
9.17599 4.89596
8.21197 5.10862
2.95793 13.4858
5.16964 1.14915
0.909325 8.58544
10.1747 14.7142
5.50705 14.4643
7.53068 4.1974
5.93566 11.0024
1.79904 9.27484
14.4087 0.41103
10.9644 8.13627
10.1362 4.54942
9.17375 7.94869
14.5539 4.75303
2.55722 7.7116
7.05108 9.79787
14.4265 14.5913
11.8581 13.4265
12.9677 0.446009
14.937 5.68186
14.5221 8.4962
11.7679 8.7239
8.08738 9.11323
14.0441 3.88752
10.2742 0.351109
1.62364 5.85468
0.555875 4.04375
12.8772 14.7917
0.470834 3.05929
0.834087 12.2167
0.829555 1.31905
5.35021 0.101383
11.9762 6.45871
5.76646 13.4905
5.53373 7.19783
13.784 5.41456
0.595821 5.77646
12.9167 10.0632
11.8772 7.71117
7.4841 7.73724
7.68297 3.20714
6.12625 6.35549
14.8258 2.92057
1.74914 14.6769
13.0534 3.65645
6.60678 14.0599
5.34031 11.8219
13.7146 1.14884
1.52647 10.2564
6.12458 5.31323
8.91222 13.3426
15.352 6.62389
12.8009 13.7776
9.43787 3.80594
7.36989 14.7583
3.68407 3.7969
8.41899 7.27288
10.929 13.0205
1.04649 6.70901
13.5611 13.0753
1.42119 3.47666
15.1691 1.08167
6.51114 4.33018
2.92016 1.09054
6.89811 1.54219
0.0480376 14.2448
10.6846 11.1178
7.99371 11.0087
0.116317 2.08867
5.83412 3.51384
6.13291 0.796758
6.94563 10.8291
2.67101 5.89352
7.18205 5.15928
4.75393 13.7575
9.76651 11.6588
1.33485 11.3003
9.24621 0.134051
4.5722 7.63018
2.93525 4.55085
8.02365 13.9209
11.1948 4.25284
7.99839 2.19808
9.96099 5.57069
10.1218 7.53916
11.0822 7.02514
8.94196 10.1043
12.2769 4.37584
0.350917 10.3392
2.76184 2.15105
0.00937235 9.11731
2.63468 0.0442637
14.6676 7.44877
3.22067 12.4836
6.34519 15.091
13.886 10.5078
1.18725 2.30509
5.25045 2.5931
12.0298 10.6924
8.49053 11.9659
3.39425 11.4011
2.64666 3.49628
10.8581 2.25294
6.26458 7.98387
11.9972 0.00995307
10.0391 9.70671
13.5657 7.36973
11.0801 10.1042
2.66808 9.85483
1.89547 1.45561
1.57336 0.384012
4.43092 10.9898
13.7679 2.85203
12.7977 8.9963
11.0374 14.1069
7.09783 8.73615
9.17354 14.3874
4.74721 3.59704
3.49575 8.20157
9.07817 2.39531
4.46648 14.8322
13.8717 9.35562
1.19778 4.87822
2.3779 10.9383
9.98443 13.5855
7.19073 0.474374
13.498 11.9881
5.17488 9.33206
14.1801 6.43076
4.35852 4.6717
13.045 6.23631
11.8004 5.38739
9.1524 9.00995
3.66132 9.31993
8.89499 5.93169
14.5664 13.5195
4.27949 12.1094
0.308972 13.1695
0 163
0 63
0 228
1 212
1 205
1 176
1 217
2 168
2 251
2 132
3 185
3 27
3 156
4 39
4 195
4 238
4 141
4 188
5 155
5 172
5 128
5 138
6 160
6 139
6 70
7 96
7 85
7 20
8 127
8 197
8 199
8 247
8 77
9 191
9 12
9 10
9 173
10 182
10 64
11 148
11 246
11 154
11 45
11 222
12 191
12 215
12 166
13 22
13 106
13 175
13 251
14 141
14 24
14 37
15 93
15 218
15 63
16 93
16 220
16 63
17 205
17 42
17 36
17 32
18 143
18 132
18 125
19 116
19 33
19 53
19 250
20 112
20 161
20 196
21 239
21 82
21 209
22 95
22 242
22 106
23 97
23 73
23 218
23 235
23 62
24 188
24 67
24 130
24 61
25 205
25 217
25 32
25 171
26 180
26 198
26 27
26 156
27 105
27 213
27 185
28 41
28 67
28 80
28 194
28 61
29 241
29 31
29 180
29 198
29 99
30 94
30 147
30 118
30 36
31 104
31 193
31 99
32 213
32 233
33 189
33 157
33 53
34 249
34 243
34 109
34 83
34 227
35 138
35 131
35 202
35 183
36 94
36 42
37 174
37 54
37 130
37 66
38 86
38 69
38 236
38 207
38 94
39 176
39 217
39 195
39 238
40 158
40 139
40 142
41 110
41 59
41 80
42 118
42 213
43 206
43 119
43 124
43 204
43 164
44 156
44 235
44 169
44 103
45 154
45 222
45 229
45 48
46 202
46 183
46 191
46 47
46 215
47 202
47 221
47 191
48 222
48 229
48 237
48 136
49 230
49 120
49 140
49 220
50 230
50 168
50 133
50 143
50 220
51 208
51 54
51 136
51 206
52 219
52 243
52 231
52 102
53 60
53 155
53 172
54 174
54 119
55 114
55 181
55 159
55 90
56 209
56 252
56 86
56 190
57 81
57 88
57 75
57 203
57 160
58 132
58 181
58 125
58 90
59 245
59 111
59 165
59 80
60 157
60 219
60 155
61 67
61 234
61 194
62 218
62 235
62 71
63 88
64 182
64 214
64 68
64 100
65 194
65 219
65 76
65 243
66 130
66 119
66 124
67 188
67 110
68 100
68 173
68 133
69 84
69 117
69 159
69 207
70 203
70 247
70 151
70 246
71 81
71 169
71 127
71 197
72 199
72 92
72 201
72 77
72 200
73 140
73 97
73 93
73 218
74 142
74 135
74 129
74 152
75 88
75 228
75 160
76 234
76 194
76 249
76 243
77 247
77 201
78 96
78 162
78 149
79 126
79 87
79 137
79 221
79 223
80 157
81 218
81 88
82 209
82 101
82 84
82 117
83 243
83 102
83 227
83 123
84 101
84 117
84 159
85 96
85 183
85 215
86 117
86 190
87 200
87 126
87 248
88 218
89 234
89 124
89 224
90 177
90 226
90 146
91 137
91 229
91 223
91 153
91 214
92 250
92 172
92 200
93 220
94 207
94 179
95 211
95 107
95 204
95 108
96 187
96 123
97 193
97 140
97 99
98 252
98 162
98 190
98 149
99 235
100 113
100 242
101 145
101 253
101 114
102 131
103 122
103 169
103 116
103 115
104 170
104 232
104 193
105 118
105 186
105 180
105 213
106 108
106 145
106 253
107 237
107 206
107 211
107 204
108 204
108 192
108 145
109 249
109 224
109 216
109 227
110 195
110 245
110 188
111 185
111 245
111 233
112 215
112 196
112 166
113 153
113 211
113 214
113 242
114 253
114 181
114 159
115 199
115 250
116 189
116 250
117 209
118 186
119 206
120 230
120 232
120 140
121 190
121 149
121 210
121 147
122 156
122 178
122 189
123 187
123 162
124 164
124 224
125 163
125 177
126 200
126 154
126 137
127 169
127 199
128 172
128 200
128 248
129 139
129 151
129 135
130 234
131 231
131 187
132 251
132 181
133 230
133 173
133 168
134 143
134 220
134 163
135 152
135 244
135 167
136 208
136 237
136 206
137 154
137 229
138 231
138 248
139 228
139 160
140 193
141 238
141 188
141 174
142 144
142 176
142 238
143 168
143 220
144 184
144 212
144 158
144 176
145 192
145 253
146 177
146 184
146 225
146 212
147 236
147 210
147 186
148 247
148 201
148 246
149 190
149 161
150 157
150 194
150 219
151 244
152 238
152 167
152 174
153 229
153 211
154 201
155 172
155 231
156 198
157 165
158 184
158 228
159 226
160 228
160 203
161 210
161 170
162 252
164 192
164 239
165 178
166 196
166 240
166 232
167 174
167 208
168 175
170 196
170 210
170 241
171 217
171 195
171 245
171 233
173 240
173 230
175 242
175 251
177 184
178 185
178 189
179 207
179 225
179 205
180 186
180 241
181 251
181 253
182 223
182 191
183 187
183 215
184 212
185 213
185 233
186 210
186 241
190 236
192 239
193 232
195 217
197 203
198 235
199 250
200 201
202 248
203 247
205 225
207 226
208 244
208 222
209 216
209 252
210 241
212 225
213 233
214 223
216 239
216 227
216 252
219 231
221 248
221 223
222 244
224 249
224 239
225 226
227 252
229 237
232 240
233 245
234 249
244 246
251 253
