64 141 7.67992
7.18704 6.63733
1.68816 5.42825
5.43696 0.173164
0.162827 7.41757
1.13921 6.06338
0.600443 1.24156
2.84394 6.66533
5.22528 3.88829
3.69452 6.81387
4.04363 1.42325
0.142197 3.11843
6.37017 0.452429
0.295488 6.28795
1.32304 1.71145
3.81137 3.24436
6.97894 7.47462
5.88919 2.12095
0.356084 4.10927
5.34269 4.77197
2.21635 1.73177
3.48042 4.82889
5.34984 6.70721
1.84127 7.59693
6.09532 7.2588
0.771181 2.44554
5.66501 1.04798
4.12212 2.36933
1.79367 0.878155
2.49853 5.81815
1.73427 2.56069
2.09949 3.76371
2.77606 0.950183
4.82754 3.04677
0.961928 6.96981
6.11728 4.18796
5.35054 5.73591
6.77092 2.51011
1.9029 6.61395
4.47945 6.27433
4.71707 0.759355
2.83042 7.61312
3.10859 3.9132
6.23605 5.20202
4.44212 5.23163
7.61289 1.91654
3.70596 0.507877
7.17641 5.69291
6.93699 3.54096
6.26192 6.26274
0.919138 0.332929
4.95686 1.78961
3.52389 5.84068
2.71405 2.91732
7.14992 4.60824
0.512959 5.30443
3.19641 1.92301
1.10557 3.40998
4.26297 4.15363
7.48532 0.665575
2.44007 4.77074
5.89572 3.14207
6.64146 1.42885
4.53919 7.36742
1.32037 4.51077
0 46
0 12
0 15
1 63
1 4
1 28
2 23
2 39
2 25
3 15
3 33
3 58
3 49
4 54
4 12
4 33
4 37
5 58
5 49
5 44
5 13
6 28
6 37
6 40
6 8
7 32
7 60
7 57
7 34
7 18
8 51
8 38
8 62
9 45
9 39
9 55
9 50
10 24
10 47
10 56
11 23
11 15
11 25
11 61
12 54
13 24
13 19
13 29
14 26
14 41
14 57
15 23
15 58
16 50
16 61
16 36
16 60
17 56
17 53
17 63
18 34
18 42
18 35
19 27
19 31
19 55
19 29
20 59
20 41
20 57
20 51
21 38
21 48
21 35
21 62
21 23
22 37
22 40
22 49
22 27
23 48
24 44
24 56
24 29
25 39
25 50
25 61
26 55
26 50
26 32
27 49
27 31
28 59
28 51
28 37
29 56
29 52
30 56
30 52
30 59
30 41
31 40
31 45
31 55
32 60
33 37
33 49
34 60
34 47
34 42
35 43
35 38
35 48
35 42
36 61
36 44
36 60
36 47
38 51
38 43
38 62
39 62
39 45
39 50
40 45
41 52
41 59
42 48
42 46
43 57
44 61
46 53
46 48
46 54
47 60
47 53
52 55
54 63
56 63
58 61
59 63
