128 291 10.8329
6.39401 6.4223
7.02367 8.73146
3.39454 3.49157
8.61279 0.864289
5.6234 1.72266
6.70702 5.6528
10.7577 1.14086
8.51998 5.04195
5.56529 6.26341
7.73256 2.34706
3.32561 4.65222
4.62678 9.20036
9.37881 7.85288
4.87108 6.77147
4.98508 7.63202
7.01411 1.88804
3.09741 0.573246
1.25026 2.51075
6.36623 1.30663
7.17645 10.5759
10.7858 6.71711
0.800566 8.56661
5.79608 4.31403
4.08087 5.09364
7.97011 0.283822
8.06546 1.53844
8.50357 7.81055
1.60637 8.9469
10.6277 10.0154
8.56585 2.61224
3.73908 1.18639
5.52143 10.7429
6.65232 4.77563
7.00481 2.85664
1.575 5.38018
3.7577 2.13874
2.49805 7.54972
3.4733 8.82758
6.24532 2.34206
9.90447 9.4488
9.97854 8.51985
5.40795 9.63749
4.14334 7.31438
9.7768 10.3778
2.07738 2.12682
1.85515 9.82016
5.53077 0.837258
10.1247 7.35053
6.21006 9.10047
9.93991 3.73293
0.618752 10.4536
4.95494 4.70334
7.33878 6.29831
7.90566 8.94809
7.96014 7.04595
0.87446 9.52512
3.37839 7.88418
2.64638 10.5968
7.19622 9.61658
2.93248 1.6839
9.91 6.41282
0.0264989 4.05026
3.27385 5.57744
3.85114 9.70337
5.0911 3.68454
7.5858 8.01548
2.95984 2.67941
8.02845 4.25874
2.46176 4.99799
9.00083 9.78278
2.64108 4.01308
7.87171 3.26638
8.84265 3.52872
4.82516 5.68834
3.72078 10.6982
3.05971 6.76655
6.32883 8.11429
4.6678 10.292
10.1224 1.81735
0.00270196 8.03335
0.307822 2.00563
8.87895 10.7965
9.25031 4.4541
10.8099 9.06462
10.2155 4.82825
8.04865 10.1536
7.06199 3.89147
4.30443 8.30081
1.2522 1.55754
6.40898 0.343328
2.34231 6.01225
10.7001 5.75474
7.27328 0.959373
2.82854 9.58628
4.12497 4.11318
5.83544 7.18773
1.75033 6.88705
2.51212 8.55191
6.91261 7.22875
0.736922 0.634461
4.00221 6.31657
6.29897 10.1161
5.35307 8.54238
0.74577 7.2808
4.55381 0.523017
1.58778 7.96268
5.27282 2.62464
10.5793 0.180776
7.56593 5.2105
5.80065 5.30966
9.00316 6.93863
8.92627 8.7279
9.05351 1.73776
2.00918 3.15938
9.37552 5.52297
4.25081 3.02728
6.11033 3.36068
1.60818 10.8073
4.65068 1.64005
10.6887 2.99578
8.35301 6.02139
9.5781 2.74682
1.61396 4.34695
9.62339 0.765757
0.897737 6.164
2.16579 0.955711
0.627823 4.94361
0.905722 3.45415
0 5
0 95
0 8
0 98
1 76
1 65
1 58
1 48
2 66
2 115
2 70
2 94
3 81
3 24
3 25
3 112
4 46
4 118
4 38
4 18
4 106
5 32
5 109
5 108
5 52
6 107
6 99
6 78
6 80
7 67
7 82
7 108
7 114
7 120
8 109
8 73
8 95
8 13
9 15
9 25
9 33
9 71
9 29
10 70
10 94
10 68
10 62
10 23
11 87
11 102
11 63
11 41
12 110
12 26
12 47
12 111
12 40
13 100
13 14
14 95
14 87
14 42
14 102
15 92
15 38
15 18
16 57
16 74
16 125
16 30
17 88
17 44
17 127
17 113
18 89
18 92
19 101
19 85
19 89
20 91
20 60
20 47
20 103
21 79
21 105
21 83
21 27
22 116
22 64
22 51
22 109
23 94
23 62
23 73
24 85
24 81
24 92
25 92
25 112
26 54
26 110
26 65
26 111
27 105
27 55
27 97
27 45
28 83
28 39
28 43
28 50
28 107
29 112
29 71
29 121
29 72
30 59
30 118
31 77
31 101
31 46
31 89
32 86
32 109
32 108
33 38
33 116
33 71
34 122
34 126
34 90
34 68
34 124
35 59
35 118
35 66
35 115
36 96
36 75
36 105
36 56
36 97
37 56
37 87
37 97
37 93
37 63
38 106
38 116
39 83
39 40
39 69
39 43
40 79
40 83
41 77
41 101
42 100
42 56
42 87
43 81
43 69
43 107
44 88
44 59
44 113
45 93
45 117
46 104
46 89
47 60
47 79
48 76
48 102
48 101
49 121
49 119
49 82
49 61
50 55
50 117
50 107
50 99
51 94
51 109
51 73
52 120
52 54
52 98
53 65
53 58
53 111
54 110
55 83
56 87
57 93
57 117
58 101
58 85
59 125
59 66
60 114
60 91
60 110
61 119
61 127
61 84
61 126
62 90
62 68
62 100
63 93
63 77
63 74
64 115
64 116
65 98
66 113
67 71
67 86
67 108
68 122
68 70
68 90
69 111
69 85
69 81
70 113
70 122
71 72
71 86
72 121
72 82
73 109
73 100
74 77
74 104
75 90
75 100
76 95
76 98
76 102
77 104
78 112
78 80
78 121
79 103
79 83
80 88
80 119
81 85
81 123
82 114
82 84
84 114
84 91
86 116
87 102
88 99
88 125
89 101
89 92
90 96
91 126
91 124
93 97
94 115
95 98
96 124
96 103
96 105
97 105
99 117
99 107
103 124
103 105
104 118
106 115
106 116
107 123
108 120
110 120
112 123
112 121
113 127
114 120
117 125
119 121
119 127
122 127
122 126
