127 283 10.8646
6.28851 9.46929
9.66971 3.7923
0.0283653 5.95605
1.80408 7.08263
2.49489 6.61029
10.0938 9.43635
7.10756 7.10422
9.78435 4.62751
6.5755 2.4692
8.18351 1.28972
2.97372 5.91222
2.64929 0.438189
4.55637 2.6053
3.85747 1.99286
7.85768 6.6798
2.6388 8.39204
2.97161 3.2898
10.0984 2.22307
0.300111 6.76914
4.59004 6.53321
3.7296 2.8603
1.2934 3.8355
1.73463 9.83418
9.90501 1.3619
10.4779 4.09826
1.63433 8.94624
0.784666 0.433235
4.62279 5.49325
4.49025 4.59711
7.07149 0.00189202
0.107576 2.40913
0.81012 9.3193
0.0261886 9.79275
8.05077 5.80589
2.59408 1.32955
6.24569 4.62566
0.657697 4.48348
3.63634 9.90377
9.36985 2.96317
8.00152 9.16356
5.45539 5.12364
3.86131 5.99409
2.59908 7.49043
0.888472 8.39469
6.29648 10.3572
7.98044 0.210403
8.06599 4.70726
9.82293 0.448651
7.08938 6.20839
9.03339 0.981169
2.68255 5.0525
0.780918 5.42481
8.93393 4.30466
8.92249 0.0266334
8.83297 5.27169
8.1349 3.75148
5.32659 3.0936
3.44821 7.94574
2.5066 9.30106
3.52896 1.1249
3.47643 4.07622
0.957361 7.43009
3.65867 5.0515
0.389585 3.56459
5.41359 6.09405
4.79614 8.33714
6.50917 1.54065
5.44192 9.82662
4.7461 1.69583
1.77878 8.00607
7.25847 5.24825
3.44689 8.94703
6.44693 7.76043
2.04087 5.80335
7.31305 0.932421
2.46894 4.09167
10.3359 3.14384
0.825861 1.75401
4.47017 10.4226
4.32011 7.44718
10.7176 5.03499
6.30393 5.60921
1.01664 2.77187
8.27272 10.1207
6.22845 6.7222
8.94867 6.27773
9.63801 7.52246
9.76499 8.55602
5.67557 2.14287
9.75487 10.3154
5.5823 1.08156
1.1742 6.36624
2.72377 10.2943
9.15331 1.98379
3.55641 0.0915535
0.870188 10.3101
1.80545 10.8171
2.00533 3.15515
10.2025 6.63038
8.60567 7.2887
3.41645 6.89813
5.36872 4.12287
5.43043 0.0155643
1.83925 2.08847
10.8163 8.78902
7.68603 7.88595
7.32155 3.10354
2.91559 2.29467
4.40621 3.58909
7.17202 4.19542
5.81186 8.62137
10.8645 1.07397
4.49133 9.34461
9.81326 5.61279
9.10851 9.43327
1.61359 1.01772
8.36308 2.7271
6.28896 3.50497
8.6849 8.38908
10.7266 7.67522
7.48186 1.99979
5.40891 7.45217
6.94296 8.72592
10.744 10.8127
4.50898 0.65353
1.64364 4.79851
7.21045 9.84463
0 110
0 122
0 67
0 126
0 44
1 38
1 76
1 52
1 24
1 7
2 80
2 98
2 18
3 91
3 4
3 61
3 69
3 42
4 73
4 10
4 100
4 42
5 114
5 104
5 87
5 89
5 32
6 48
6 14
6 72
6 105
7 52
7 24
7 113
8 88
8 66
8 106
9 74
9 49
9 120
10 73
10 50
10 41
11 96
11 94
11 34
12 68
12 20
12 56
13 59
13 107
13 68
13 20
14 33
14 48
14 99
15 69
15 57
15 42
15 58
16 107
16 97
16 20
16 75
16 60
17 93
17 23
17 30
17 76
18 98
18 91
18 119
18 61
19 41
19 64
19 79
20 107
20 108
21 63
21 97
21 36
21 125
22 25
22 58
22 95
22 96
23 111
23 47
23 93
24 76
24 63
24 80
25 69
25 31
25 58
26 123
26 95
26 111
26 115
27 28
27 41
27 40
28 108
28 101
28 62
29 126
29 44
29 74
29 45
30 77
30 76
30 82
31 43
31 104
31 95
31 32
32 104
32 123
32 95
33 70
33 54
34 115
34 59
34 107
35 101
35 109
35 40
35 81
36 63
36 125
36 80
36 51
37 71
37 112
37 92
37 78
38 93
38 116
38 76
39 118
39 126
39 83
40 101
40 81
40 64
41 62
41 100
42 100
42 69
42 57
43 61
43 69
43 104
44 126
44 102
45 83
45 74
45 53
46 109
46 55
46 52
46 70
46 54
47 123
47 89
47 49
48 81
48 70
48 84
49 53
49 93
50 75
50 73
50 62
51 125
51 80
51 91
52 55
52 54
53 83
53 89
54 113
54 85
55 116
55 106
56 88
56 108
56 117
56 101
57 79
57 71
58 71
58 92
59 94
60 108
60 75
60 62
61 69
63 76
63 82
64 81
64 84
65 79
65 121
65 112
65 110
66 90
66 74
66 88
66 120
67 112
67 102
68 124
68 90
68 88
70 109
70 81
72 121
72 110
72 122
73 125
73 91
74 120
75 97
75 125
77 111
77 115
77 103
77 82
78 112
78 94
78 124
78 102
79 100
79 121
80 113
82 103
82 97
83 114
83 126
84 121
85 113
85 99
86 98
86 99
86 119
86 87
87 118
87 114
87 104
88 90
89 114
89 123
90 102
92 96
92 94
93 116
94 124
95 123
95 96
96 115
97 103
98 113
99 105
99 118
101 108
101 117
102 124
103 115
103 107
104 119
105 118
105 122
106 120
106 117
106 116
106 109
109 117
110 122
111 123
114 118
116 120
122 126
