126 282 10.858
6.01641 8.3387
8.60917 10.4335
7.05913 5.69462
4.29722 9.14109
0.736246 8.73998
4.0377 1.3557
2.33636 7.74887
9.31496 10.0008
7.95197 8.43254
10.4079 4.59374
9.06617 2.04482
6.84452 4.87824
3.5379 2.04548
3.71817 5.92356
0.796516 6.1461
3.43944 0.402099
3.58194 8.67097
0.186065 3.47293
5.17802 2.9828
4.94373 9.7088
0.836615 7.8908
9.92227 5.31393
4.31629 7.3614
5.39805 6.77006
3.48693 2.9184
3.63071 6.79815
6.08913 5.31674
7.02919 3.07717
9.53725 4.509
7.40841 0.513681
4.36473 8.25913
4.31678 0.525747
8.55377 9.56506
3.15868 1.24501
6.08602 4.40818
10.1813 9.91488
1.58002 0.662893
7.56753 7.6104
7.93595 5.72838
0.0993362 1.61272
9.63008 9.17256
4.47304 5.43738
6.91633 3.9886
2.56892 4.3911
2.68627 8.56653
3.92054 10.4898
2.09859 5.20821
10.4939 2.751
10.4951 7.52224
8.82362 8.67477
5.18299 3.90503
9.42909 6.08819
4.85402 10.6223
5.32847 5.85002
5.60274 0.362879
9.54428 2.81979
6.02443 9.23714
2.52457 0.53128
7.25436 1.4389
5.25671 4.87643
2.80074 5.86001
1.13233 5.28121
5.14693 8.79967
9.27357 1.14586
7.61775 2.35116
10.6419 10.7471
6.63018 2.213
2.95367 10.4631
0.482834 7.0229
6.74609 9.90853
3.49715 9.60879
7.81422 3.61493
2.67789 2.4196
4.51295 6.42384
10.6793 8.58162
1.54301 7.24986
6.55581 0.055305
1.13634 3.41647
4.32544 3.38749
8.25525 1.57037
8.80529 3.87878
1.65965 2.52401
2.21154 1.49727
5.61093 2.12963
10.0011 1.88549
5.77009 10.2197
3.41447 3.88799
0.603542 2.52267
2.66006 6.8659
0.777804 10.4738
7.59925 9.32626
1.57857 4.35314
8.56718 7.69401
4.32296 4.44406
0.235974 9.5501
10.0883 3.68462
9.7123 8.17758
10.274 0.85863
7.65715 10.4086
2.44726 9.55072
8.52333 2.84906
5.03236 1.22748
7.37754 6.61252
3.38879 4.99704
0.505328 4.40547
6.97419 8.43934
9.46583 0.109865
1.66443 8.44994
0.499309 0.665697
9.49824 7.1171
8.42147 0.518482
8.83519 5.23469
6.08081 3.38531
1.13147 1.57896
5.24428 7.7506
1.79145 6.19896
4.5187 2.22405
6.44166 7.44763
1.33862 9.52416
6.29604 6.31524
8.50068 6.58975
10.4185 6.46806
6.21912 1.21477
0.0742245 5.44582
7.83394 4.69287
1.88429 10.5302
0 114
0 117
0 105
0 56
1 32
1 98
1 7
1 110
2 11
2 38
2 119
2 102
3 70
3 16
3 62
3 19
4 20
4 74
4 94
4 118
4 107
5 31
5 12
5 116
6 88
6 75
6 107
6 44
7 40
7 32
7 35
7 106
8 105
8 92
8 90
8 49
9 28
9 95
9 104
9 21
9 123
10 63
10 79
10 84
10 100
10 55
11 42
11 34
11 124
11 26
12 33
12 116
12 72
12 24
13 103
13 60
13 41
13 73
13 25
14 123
14 61
14 68
14 115
15 67
15 45
15 57
15 31
15 33
16 30
16 70
16 44
17 47
17 77
17 95
17 104
18 116
18 83
18 78
18 112
18 50
19 62
19 85
19 52
20 68
20 75
20 107
21 28
21 123
21 51
22 73
22 25
22 30
22 114
23 53
23 73
23 119
23 114
24 72
24 78
24 86
25 88
25 73
26 34
26 59
26 53
26 119
27 66
27 64
27 112
27 71
27 42
28 80
28 95
28 111
29 98
29 76
29 110
29 58
30 114
30 62
31 52
31 101
32 90
32 49
33 82
34 112
34 42
34 59
35 40
35 94
35 65
36 125
36 57
36 113
37 102
37 105
37 92
38 124
38 111
38 120
39 108
39 84
39 113
40 96
40 49
41 93
41 59
41 53
42 112
42 71
43 91
43 86
43 46
43 103
44 107
44 99
45 70
45 67
45 52
46 91
46 61
46 60
46 115
47 84
47 55
47 87
47 95
48 121
48 68
48 96
49 92
49 96
50 78
50 112
50 93
50 59
51 111
51 120
51 109
51 121
52 85
52 54
53 59
53 73
54 85
54 76
54 101
54 122
55 100
55 95
56 62
56 85
56 69
57 125
57 82
58 122
58 66
58 79
58 64
59 93
60 103
60 115
60 88
61 91
61 123
62 114
63 110
63 106
63 97
64 66
64 79
64 100
65 89
65 97
65 108
66 83
66 122
67 99
67 70
67 125
68 121
69 90
69 85
69 98
69 76
70 99
71 100
71 124
71 80
72 82
72 81
74 96
74 94
75 115
76 85
77 87
77 81
77 91
78 86
78 93
79 110
80 100
81 113
81 87
82 113
83 116
83 101
83 122
84 97
86 93
87 113
88 115
89 94
89 118
89 125
89 108
90 105
90 98
91 104
92 120
92 109
93 103
94 118
96 109
97 106
97 108
99 118
99 125
101 116
102 119
102 120
104 123
105 117
106 110
107 118
108 113
109 120
109 121
111 124
117 119
118 125
121 123
