128 287 10.8371
6.93691 3.32031
0.604847 5.76699
3.40374 9.64302
6.62202 6.01936
2.31975 9.59099
10.6086 5.87907
1.94587 8.8328
4.15506 5.80788
6.49078 8.49433
5.64501 8.60921
1.15978 2.44393
3.53558 6.39818
6.97183 5.24537
2.4416 0.527635
5.76798 5.99136
10.5147 2.92783
4.31025 2.76312
2.90615 1.83523
5.95887 7.81342
1.08238 5.04012
8.56437 4.16227
7.84026 0.25221
5.92729 0.197928
7.63873 2.83045
6.4894 10.1698
7.151 6.70837
9.38401 7.02948
9.95593 5.30316
5.20459 4.44781
2.89033 8.93764
6.09262 9.35939
3.7992 1.78307
10.2051 6.65947
7.37526 1.05068
5.20697 7.34021
8.75987 7.67563
10.2523 9.53024
5.03246 9.24742
1.44325 9.64642
9.05988 0.257268
0.872266 10.3735
8.4309 0.939192
8.46477 10.3675
1.54057 0.600782
4.79567 3.63564
0.293372 6.60355
6.24559 2.77602
3.31375 5.49998
4.10253 9.08715
1.79409 10.5245
2.17481 7.05306
2.39348 5.24451
8.62566 8.59842
8.01617 9.33741
0.365023 9.57315
3.12415 7.2196
6.34845 1.04387
0.559238 3.14197
2.09403 1.38455
7.71214 3.78525
2.63267 6.1927
4.85557 0.112766
1.46779 7.86818
0.263391 2.2006
3.38357 2.63699
10.0117 0.435253
1.20914 6.9136
4.75073 1.90823
9.43061 6.08581
7.85593 7.35319
8.51103 3.20706
7.0377 9.24714
5.35803 0.963615
3.27552 0.968834
0.571881 0.457578
6.88529 0.208601
4.33888 0.982249
5.262 2.78377
6.88733 7.63828
4.9936 5.38018
8.99447 9.52727
0.806458 4.12021
1.82151 4.42189
9.65739 10.3146
10.0714 2.0885
4.43265 10.0261
10.5012 3.8909
8.52495 6.57265
5.78598 1.89109
0.991431 8.7685
7.82695 4.80236
7.47313 10.189
2.12582 2.408
4.90035 6.40896
6.17446 6.86566
5.85498 3.70667
7.6302 8.38372
2.48289 8.02853
5.49653 10.1455
9.38757 1.26661
8.81312 5.23741
1.01812 1.47611
9.03179 2.29705
7.7105 5.88017
9.64699 8.68059
10.7087 10.4886
10.6991 1.23032
3.8177 0.0621426
3.78447 3.60856
6.00941 5.04257
6.79518 4.2756
9.53503 4.39736
3.09663 4.48453
4.20712 4.64407
10.146 7.68225
0.43305 7.6344
10.7499 8.6309
2.68836 3.43671
6.87786 1.95419
2.82174 10.437
4.18009 7.22611
1.5769 3.35781
4.71915 8.24233
3.57701 8.18255
9.58042 3.27412
8.00311 1.87953
1.59104 5.91955
0.0686161 4.92363
0 46
0 23
0 110
0 59
1 5
1 127
1 126
1 45
2 29
2 48
2 119
3 14
3 12
3 94
3 25
4 6
4 29
4 38
4 119
5 27
5 127
5 32
5 45
6 97
6 89
7 47
7 79
7 11
7 93
8 18
8 78
8 9
8 71
9 122
9 18
9 37
9 30
10 101
10 63
10 92
10 57
10 121
11 60
11 55
12 110
12 90
12 109
12 103
13 119
13 43
13 73
13 58
14 109
14 93
14 94
15 84
15 63
15 124
15 57
15 86
16 64
16 108
16 77
17 73
17 92
17 58
17 31
17 64
18 94
18 34
18 78
19 81
19 82
19 127
19 126
20 90
20 59
20 111
21 91
21 75
21 41
22 98
22 72
22 75
23 125
23 70
24 30
24 98
24 91
24 75
25 103
25 94
25 78
25 69
26 87
26 68
26 32
26 35
26 114
27 111
27 127
27 68
28 113
28 44
28 95
28 109
28 79
29 123
29 97
30 71
30 98
31 73
31 76
31 67
31 64
32 68
32 45
32 114
33 75
33 118
33 125
34 93
34 122
34 120
35 69
35 52
36 116
36 54
36 83
37 48
37 85
38 89
38 40
38 49
39 42
39 83
39 41
39 65
40 54
40 105
40 49
40 74
41 125
41 99
42 80
42 91
43 49
43 74
43 101
43 58
44 108
44 77
45 66
45 115
46 88
46 118
46 77
46 95
47 112
47 51
47 60
48 123
48 122
48 85
49 119
50 66
50 60
50 55
50 97
51 82
51 112
51 126
51 60
52 96
52 53
52 80
52 104
53 96
53 71
53 80
53 91
54 116
54 89
54 105
55 123
55 97
55 120
56 72
56 75
56 88
56 118
57 63
57 121
57 81
58 92
59 70
59 110
59 90
60 126
61 85
61 98
61 107
61 76
61 72
62 66
62 115
62 97
62 89
63 106
63 101
64 117
64 108
65 105
65 83
65 99
65 106
66 126
66 115
67 76
67 88
67 77
68 100
68 87
69 87
69 78
70 102
70 124
71 96
71 91
72 76
72 88
73 107
74 105
74 106
75 91
76 107
77 88
78 94
78 96
79 113
79 109
79 93
80 104
80 83
81 121
81 127
82 121
83 105
84 102
84 99
84 106
85 98
85 107
86 124
86 111
86 127
87 103
88 118
89 116
90 103
90 100
92 121
93 120
95 110
97 123
99 102
100 111
102 125
102 124
104 114
104 116
107 119
108 117
108 112
108 113
109 110
111 124
112 117
112 113
114 115
114 116
115 116
117 121
118 125
120 123
120 122
122 123
