126 281 10.8625
4.26984 7.71829
6.16673 6.19932
7.01839 9.10431
5.47242 3.10334
4.91043 6.16642
2.99719 8.80619
3.73649 7.07599
2.64745 10.636
5.32307 8.79999
4.52381 5.41517
8.53538 9.75503
5.54803 5.61891
7.0236 1.17614
1.17701 10.3259
0.421073 9.90798
2.0041 10.0671
10.6778 7.85776
7.47091 7.04961
1.51547 2.76498
4.49945 8.53586
6.59513 6.94871
10.6194 9.33939
0.322238 1.68173
4.73228 7.00292
2.13896 2.13842
4.83955 10.3219
9.97294 0.24374
3.64826 5.42081
6.48969 0.473099
1.84799 5.51783
2.90278 1.66404
1.95372 1.25474
9.93088 7.36361
7.22556 10.8105
3.81242 9.11423
0.944859 5.46382
4.03279 6.24508
3.97746 10.0204
4.67906 9.4193
4.65398 2.75839
6.95414 4.1903
6.21521 8.72817
7.64136 9.8012
2.25152 3.50346
2.13314 6.3909
2.19559 9.1791
9.73124 9.55461
9.75675 1.12457
8.11808 6.39909
8.22851 5.29945
1.31983 3.66147
9.18471 7.92903
6.18603 7.77487
0.89388 4.52973
8.22647 1.56155
5.66458 6.95344
7.79879 0.696542
3.07038 6.16298
10.409 2.99085
2.73585 5.21239
2.41496 8.10325
1.23759 1.87142
7.29166 5.09333
6.32522 1.77678
5.43339 2.19303
9.15696 1.87448
8.97372 5.91794
0.726548 7.61648
9.43829 2.83185
3.40083 7.97844
4.79243 3.7228
2.87083 2.75004
8.22575 7.67431
0.398155 10.8532
1.44364 8.34112
2.74761 0.706173
10.4138 10.2681
9.88067 6.38921
10.7135 0.855839
5.70051 10.768
7.92228 8.85297
8.78994 3.61777
8.18324 10.6334
3.70021 1.0962
0.90069 0.902347
5.19267 7.85844
3.01869 9.75733
6.00249 3.88771
2.78878 7.14588
3.56391 0.0538546
10.258 1.9889
8.9671 8.90599
9.8185 5.33895
1.2138 9.36197
4.66105 1.51522
8.97933 6.94409
5.62517 9.71429
9.00816 4.64665
0.539398 2.63613
6.65346 9.997
1.73091 7.32449
7.1308 6.12074
0.425637 8.62249
7.96819 4.29991
5.1905 4.70082
10.8238 6.89394
9.99807 8.56402
9.23335 10.446
4.10095 4.52489
0.294556 3.69283
10.6644 4.66661
8.84512 0.633564
6.26346 4.94865
1.77653 0.249937
6.4191 2.83776
5.61623 0.985636
1.0043 6.48646
1.94357 4.5025
3.78646 2.18818
3.03317 4.19031
3.78555 3.33249
7.46557 3.28981
8.38165 2.60828
7.2028 8.03206
7.33166 2.1405
10.8294 5.78407
0 23
0 6
0 69
0 85
0 19
1 11
1 55
1 101
2 41
2 80
2 99
3 64
3 39
3 114
3 70
3 87
4 9
4 11
4 36
4 23
5 69
5 60
5 45
5 34
5 86
6 88
6 36
7 15
7 86
7 113
7 89
7 75
8 85
8 38
8 19
8 41
8 96
9 108
9 104
9 27
10 91
10 82
10 42
10 107
11 104
11 112
12 28
12 56
12 63
12 124
13 93
13 73
13 14
13 15
13 113
14 21
14 93
14 76
14 73
15 45
16 105
16 32
16 67
16 106
16 102
17 101
17 20
17 48
17 123
18 61
18 24
18 98
18 50
19 85
19 38
19 34
20 55
20 101
20 52
21 106
21 46
21 102
21 76
22 78
22 84
22 90
22 61
22 98
23 55
23 85
24 61
24 31
24 30
24 71
25 37
25 96
25 79
26 107
26 76
26 78
26 47
27 108
27 59
27 57
27 36
28 79
28 33
28 115
29 117
29 35
29 59
29 44
30 75
30 83
30 118
31 113
31 75
31 61
32 105
32 77
32 51
33 99
33 82
33 56
34 38
34 37
35 53
35 125
35 116
37 38
37 86
37 89
38 96
39 118
39 64
39 120
39 70
40 121
40 87
40 103
40 112
40 62
41 52
42 80
42 99
42 82
43 71
43 117
43 50
43 119
44 88
44 57
44 100
45 93
45 86
46 91
46 106
46 107
46 76
47 111
47 78
47 65
47 90
48 66
48 101
48 95
49 103
49 97
49 62
49 66
50 109
50 53
50 117
51 95
51 72
51 91
51 106
52 55
52 85
52 123
53 109
53 117
54 56
54 124
54 65
54 122
56 82
56 111
57 88
58 90
58 68
58 109
59 117
59 119
60 88
60 100
60 74
60 69
61 98
62 103
62 112
62 101
63 115
63 64
63 124
63 114
64 94
65 122
65 68
66 92
66 95
66 77
67 105
67 100
67 74
67 102
68 122
68 81
69 88
70 120
70 108
70 104
71 118
71 120
72 95
72 123
73 76
73 78
73 84
74 100
74 102
74 93
75 113
75 89
75 83
77 92
77 95
77 105
79 96
79 115
80 123
80 91
81 122
81 103
81 97
82 107
82 111
83 89
83 118
83 94
84 113
87 112
88 100
91 106
92 97
92 110
92 125
93 102
94 115
94 118
96 99
97 103
98 109
100 116
103 121
104 108
104 112
105 125
105 116
107 111
108 119
109 110
110 125
114 124
114 121
117 119
118 120
119 120
121 124
121 122
122 124
