253 566 15.3421
6.34908 8.42819
6.27741 14.2855
14.4783 7.13846
1.39238 6.3015
0.595281 4.94015
1.51573 0.48203
7.0148 1.58349
5.59788 12.3802
14.8779 12.292
3.41524 11.4923
14.28 0.950255
7.7201 0.147875
11.5993 5.26908
1.24729 10.8999
5.58821 4.55326
0.315495 9.44293
5.22067 6.1486
15.201 6.70081
11.5391 14.1111
12.4312 5.08136
8.27697 8.23549
15.158 5.25421
0.694926 11.5496
12.1611 4.27535
2.84346 14.3596
3.9196 4.33851
2.70633 9.62811
3.43493 0.915262
3.0311 6.99467
8.13825 13.5674
3.97281 12.1431
11.3585 2.75355
5.42598 14.2463
2.16448 3.49146
3.1478 4.7403
4.97528 3.00583
2.63897 2.76105
1.90006 9.29558
14.7185 5.99287
7.66603 1.02348
4.66163 13.8109
11.6608 3.57012
4.52591 8.04123
4.11683 0.367756
3.51798 2.77282
10.9404 13.4939
2.35915 4.34833
7.91995 10.9194
8.33988 6.61822
7.73925 5.59357
10.28 6.16902
10.1682 1.42246
6.85888 11.3006
11.2763 0.143223
8.12481 9.0971
7.30771 13.8791
6.24411 1.98978
10.2488 12.9204
15.0147 14.889
12.2339 1.14199
5.84156 2.79852
11.8074 13.2434
5.57502 3.6716
2.63216 7.79402
12.1568 12.3032
4.11215 10.9581
1.56805 11.7247
0.497722 15.2791
10.8477 2.02655
2.71586 8.72094
7.99674 10.0022
13.7186 10.0551
14.4659 10.5967
12.7062 13.0407
4.79449 4.16018
9.28012 4.47119
14.9423 3.61222
9.43386 12.2318
4.4589 8.9497
1.05865 8.95088
7.98447 14.492
8.6369 5.75957
4.33086 2.36736
8.66747 3.77057
1.34793 5.41436
11.1245 12.6104
13.8688 0.154528
3.90805 7.22684
12.6587 0.332244
9.50665 0.763805
11.8154 1.96865
10.2112 4.38737
3.90636 5.24644
4.73714 12.6424
14.6782 4.50226
8.57231 0.949439
14.1554 11.7615
10.4322 0.533199
7.82588 7.38435
1.26127 3.39857
10.3264 8.25192
14.7889 9.70658
5.7825 5.43754
13.2607 4.69689
9.85113 7.41279
10.8199 14.6742
7.14384 10.4171
6.10173 9.28867
6.86202 7.32598
9.34478 13.1808
13.5879 7.38967
4.16303 3.44743
15.2678 7.60673
4.86365 5.11533
14.1307 14.5751
12.1882 5.965
5.03454 0.438264
11.2172 6.10254
2.90936 13.4415
3.53163 1.83448
15.0625 0.489827
15.3031 8.59219
12.4476 13.9632
11.1022 8.84692
13.3663 0.979732
12.9378 3.76862
12.6019 10.389
5.17486 9.59723
3.53369 9.20824
8.96438 2.82497
9.98536 9.17513
3.21285 5.9395
9.62377 3.57687
5.44855 13.3037
8.79568 10.5467
1.60629 1.4111
0.93762 12.4507
12.4141 11.3711
2.49125 11.4571
2.31199 6.38794
0.766027 1.97354
2.53164 1.82415
12.8579 6.70829
13.1389 5.68558
11.8243 6.88619
7.39136 6.4853
0.751804 6.97212
9.61244 11.2711
13.9302 1.81313
0.199377 14.0833
8.63369 11.5516
13.9903 9.12233
1.82696 8.34221
5.90881 7.61439
10.3784 11.959
10.7611 7.00112
4.79033 11.6559
3.85367 13.0909
14.0758 5.28521
10.654 5.27611
7.04196 2.52601
12.1045 8.66872
7.43421 12.9154
14.5916 13.6805
7.04938 14.8174
12.0487 14.9009
11.2116 4.40835
0.854656 7.99167
3.75856 14.1315
7.64344 11.8832
11.6124 10.5987
10.5912 10.9351
1.04739 13.4736
9.78401 10.248
13.8589 6.42041
13.9622 3.80625
6.76931 5.64766
1.1339 14.5282
12.4795 7.68126
0.089718 13.0483
13.2877 8.35457
8.83698 7.46242
4.21547 9.97147
1.99999 13.9103
9.00757 9.52581
15.0904 11.3726
3.55321 8.17235
5.25692 1.9919
4.42257 1.30484
1.16117 9.9407
11.2503 1.1254
1.38156 4.40466
14.0513 12.7701
6.47413 13.3545
5.05959 10.6326
9.22372 8.46526
6.55317 4.59521
12.8805 1.89024
0.194365 10.4054
3.24634 10.4492
1.69619 2.46787
7.95146 3.05582
0.48806 5.95398
2.35953 5.33627
1.76191 7.28405
5.38714 8.5406
13.1147 14.7729
8.32829 4.79256
11.398 11.6416
0.662788 0.931034
7.29945 8.26753
6.56885 3.49324
8.94307 14.1435
9.3384 6.50682
0.353561 2.93821
10.6736 3.46954
6.11118 10.3253
7.51334 4.06302
11.4006 7.85358
9.59984 5.42989
6.81083 0.52341
5.85071 1.07066
6.57589 12.2658
2.45353 0.764353
13.1645 12.1247
9.81073 15.0534
13.4306 11.0331
14.3546 8.11288
9.99907 2.58289
4.60193 14.8197
3.0033 12.3932
5.90876 15.1921
8.07023 1.94746
3.21721 15.277
3.14256 3.71125
4.23259 6.23517
5.84526 11.4169
2.13466 10.4494
13.5023 2.81233
7.1472 9.37272
8.46771 12.6134
14.6242 2.63078
6.13621 6.55018
10.0494 13.9551
2.10494 15.0293
12.365 2.86346
4.95129 7.11559
12.928 9.38552
9.20541 1.77657
13.4912 13.7214
10.8129 9.85977
15.0704 1.56876
8.69564 15.2514
0 153
0 205
0 107
0 210
1 193
1 32
1 231
1 164
2 174
2 17
2 227
3 84
3 202
3 146
3 139
4 191
4 21
4 84
5 244
5 209
5 223
6 39
6 56
6 160
7 236
7 93
7 222
8 96
8 185
8 192
8 179
9 138
9 65
9 230
9 30
10 124
10 86
10 120
10 148
10 251
11 164
11 252
11 220
12 166
12 159
12 19
12 117
12 115
13 189
13 237
13 22
13 66
14 74
14 62
14 196
14 113
14 102
15 121
15 79
15 101
15 198
16 102
16 235
16 242
16 246
17 38
17 202
17 146
17 112
18 45
18 122
18 105
18 165
19 23
19 103
19 143
19 115
20 181
20 210
20 54
20 195
21 94
21 38
21 202
22 185
22 66
22 136
23 166
23 41
23 125
24 183
24 118
24 168
24 244
24 233
25 111
25 234
25 74
25 34
25 92
26 37
26 128
26 237
26 199
27 233
27 223
27 43
27 119
28 139
28 63
28 87
29 162
29 240
29 55
29 212
30 156
30 230
30 93
30 157
31 68
31 90
31 215
31 245
31 41
32 40
32 133
32 229
33 99
33 36
33 46
33 234
34 46
34 203
34 92
35 111
35 82
35 60
35 62
36 141
36 200
36 44
37 79
37 152
37 189
38 158
38 174
39 220
39 95
39 232
40 168
40 133
40 229
41 215
41 245
41 166
42 186
42 246
42 78
42 205
43 233
43 229
43 116
43 188
44 119
44 111
44 82
44 234
45 57
45 85
45 243
45 61
46 191
46 234
46 203
47 106
47 134
47 150
48 81
48 145
48 213
48 98
48 181
49 176
49 207
49 81
49 145
50 219
50 159
50 213
50 155
50 117
51 97
51 248
51 68
52 106
52 236
52 222
52 169
53 105
53 165
53 97
53 190
54 239
54 70
54 184
55 162
55 193
55 164
55 80
56 221
56 187
56 60
56 160
57 154
57 109
58 149
58 114
58 67
58 120
59 190
59 88
59 197
59 90
60 187
60 211
60 62
61 85
61 73
62 211
62 74
63 204
63 186
63 152
64 208
64 137
64 224
64 73
65 199
65 182
65 194
65 156
66 138
66 136
67 177
67 120
67 209
68 190
68 228
69 186
69 152
69 128
70 106
70 134
71 247
71 151
71 72
71 226
72 101
72 185
73 224
73 122
73 249
74 111
74 113
75 83
75 132
75 91
75 207
75 219
76 241
76 214
76 175
76 94
77 147
77 240
77 154
77 109
78 128
78 205
78 127
79 167
79 152
79 189
80 212
80 164
80 252
81 207
81 219
81 213
82 119
82 187
83 201
83 132
84 191
84 203
84 202
85 208
85 154
86 114
86 124
87 235
87 186
87 246
88 165
88 206
88 124
89 95
89 97
89 248
90 190
90 245
91 215
91 166
91 159
92 113
92 131
92 235
93 156
93 157
93 133
94 175
94 158
95 252
95 248
96 226
96 185
96 192
97 225
97 190
98 108
98 181
98 210
99 214
99 200
99 191
100 104
100 130
100 123
101 151
101 198
102 113
102 176
103 125
103 158
103 143
104 213
104 155
104 181
105 243
106 239
106 216
107 205
107 239
107 127
107 216
108 242
108 145
108 153
108 210
109 240
109 212
109 243
110 142
110 174
110 227
110 180
111 234
112 227
112 167
112 121
114 249
114 163
114 206
115 143
115 117
115 144
115 142
116 229
116 231
116 221
117 159
117 155
117 144
118 230
118 183
118 157
119 141
119 188
120 209
120 251
121 227
122 249
122 165
122 206
123 218
123 161
123 250
124 197
124 148
125 245
125 175
126 247
126 170
126 137
126 226
127 182
127 194
128 186
128 182
129 248
129 201
129 228
129 132
130 195
130 184
130 250
131 203
131 139
131 235
132 228
132 215
133 193
134 184
134 173
134 150
135 209
135 223
135 140
135 141
136 179
136 172
137 208
137 226
137 224
138 237
138 230
139 203
139 204
140 209
140 214
140 200
141 223
141 200
142 174
142 178
143 158
143 174
144 218
144 178
145 176
146 202
146 167
146 204
147 173
147 150
147 171
147 154
148 197
148 238
148 241
149 163
149 179
149 172
149 177
150 169
150 240
151 227
151 247
151 180
152 167
152 204
153 242
153 246
153 205
154 171
154 208
155 218
156 236
156 194
157 168
159 166
159 219
160 211
160 201
161 218
161 178
161 247
162 222
162 169
162 240
162 193
163 192
163 249
163 179
164 220
165 206
166 215
168 229
169 240
170 250
170 208
171 173
171 250
171 208
172 179
172 183
172 177
173 184
173 250
175 238
176 196
176 242
177 183
177 244
178 218
178 180
180 227
180 247
181 213
181 195
182 199
182 194
184 195
185 198
187 221
187 188
189 198
189 237
192 224
192 249
193 222
194 216
194 236
196 211
196 217
197 245
197 238
199 237
201 232
201 217
206 249
207 217
209 251
210 239
211 217
212 243
212 252
213 219
214 241
215 228
216 236
220 231
220 221
222 236
223 244
223 233
224 226
225 243
225 252
228 248
232 248
233 244
235 246
238 245
238 241
241 251
