253 570 15.3489
9.05093 10.1202
7.64424 6.9572
9.86375 8.37517
3.70092 7.39805
12.8728 1.81641
10.9344 5.87966
5.64572 15.2157
13.8776 3.08021
1.17958 3.81904
6.21355 8.04229
0.961988 1.52242
4.58195 13.8386
0.338313 10.6185
14.4647 1.25063
15.0301 4.05358
4.66911 12.6698
7.76938 1.63689
6.80152 6.88618
0.830955 4.59466
15.0826 7.11576
4.99484 3.60403
14.1873 3.91381
0.0608776 12.5317
8.689 12.6251
9.27368 11.9911
12.5655 14.3764
4.69748 4.40448
14.5715 12.3213
10.892 13.4323
14.4777 4.72255
14.4266 9.66392
14.2885 6.77156
10.5664 8.86351
8.36422 15.2232
12.089 7.0965
4.141 8.12664
11.7826 14.7451
13.036 2.87594
4.26265 6.34735
5.2259 9.74709
12.8119 0.836905
2.07933 12.5642
9.38435 1.25349
14.7263 3.23319
5.34678 8.03356
15.3467 4.86405
1.27664 6.31152
11.9418 0.664096
15.1097 14.1878
10.661 12.5157
1.75441 11.7379
0.134429 6.33427
7.42982 12.2676
2.08182 9.83301
7.12076 2.23077
8.01472 5.31756
0.406364 13.3435
5.45534 2.85897
1.29495 13.4965
6.17547 13.6959
8.64308 1.7529
11.6473 10.0072
9.08335 7.97876
5.79337 8.8113
13.6256 7.37384
14.2078 14.0902
3.95278 14.4574
13.5832 1.29769
2.99579 14.8572
11.7164 6.28543
10.7053 7.98289
6.4682 0.26087
12.0319 1.55692
15.3317 9.80326
5.67273 5.34514
0.711838 14.2087
10.9716 14.3396
2.12352 3.48702
12.3444 11.891
9.38402 6.22851
1.76971 14.2874
13.2522 12.116
13.6629 2.21929
3.38437 6.57916
13.8399 12.8442
6.385 10.7659
2.21555 13.4621
3.28142 3.21783
2.12076 15.1602
8.66181 4.446
14.973 0.508175
10.7534 9.75367
9.0782 2.5737
10.7385 4.86087
7.7153 4.44466
6.20328 3.38821
4.07458 3.73999
10.2902 6.5042
3.64095 1.03732
5.53317 12.3615
13.9314 0.425147
5.32504 13.2973
8.93869 7.06098
3.62011 5.68039
1.7466 1.96581
1.7671 7.10256
1.18077 15.0355
5.68445 11.4074
3.93256 13.2088
3.16724 8.12381
14.4598 7.7891
8.18866 7.67696
3.69186 8.93804
2.73013 7.25563
12.5301 15.2966
13.2877 3.77093
8.14444 10.717
1.70091 5.48098
2.74119 10.7732
8.9595 5.36743
8.85437 8.88244
11.561 12.7839
10.0753 5.56442
4.70984 15.027
1.617 9.0057
2.98833 12.8451
13.5431 9.361
7.10113 13.9348
11.2204 2.18468
11.3072 3.17835
4.76724 11.7487
13.5841 5.0051
11.506 4.20007
3.18664 9.90527
12.1727 2.49774
8.19061 3.59014
2.84849 0.45814
14.5294 14.9906
6.80601 12.9843
3.78015 0.0594091
13.7379 6.00434
0.884099 11.3715
11.1385 1.18177
5.21497 6.32196
0.468318 2.31231
0.0389971 1.39416
9.19742 0.322478
6.76746 8.79573
2.51889 2.5936
13.0432 11.1589
6.77163 4.18573
6.22358 6.15
0.0740603 7.99686
6.38712 14.6434
1.07996 8.14854
0.189299 15.0413
14.7262 8.75972
8.87435 13.5497
0.450948 8.95498
6.45478 1.5249
13.6279 8.35238
10.1651 14.975
7.24739 0.851681
3.49724 2.25553
6.64626 5.2039
0.690011 5.53781
2.88468 4.12313
13.7084 10.368
12.7427 7.80042
9.09215 11.0606
4.38341 1.71089
1.33177 2.88546
8.29453 0.83647
12.949 6.67523
5.40936 14.2986
8.38521 6.22158
9.74709 9.3668
6.48251 12.0142
10.1731 0.677854
12.5817 12.8602
9.88971 7.42268
14.7331 10.5819
10.0575 13.9297
11.6994 7.97871
11.1179 7.07977
3.77258 4.69269
10.9879 10.7407
12.7595 5.64122
11.8056 13.775
5.66093 0.822771
1.7172 10.751
0.711788 0.596917
4.60279 0.691685
5.86544 7.14584
8.061 2.55744
11.5299 9.02875
12.2911 3.52097
0.349228 3.35227
9.23592 3.58207
7.20852 3.22389
14.7648 13.2658
2.65971 9.0222
8.27304 11.745
4.7906 8.86171
1.8781 4.46986
12.036 10.925
10.5166 3.86573
12.6141 8.86815
5.44327 1.87234
3.14159 13.8711
7.15165 7.79269
7.27187 11.2849
14.7418 5.66953
8.20646 9.67957
8.08886 14.2713
7.82803 8.65387
2.71055 5.18869
2.12457 8.08125
7.31264 6.04428
11.3257 11.7681
0.723119 7.14444
3.81157 12.1771
13.2748 13.6964
12.614 4.56599
4.92528 10.7034
10.2463 1.76196
15.2003 11.5618
2.39927 6.26343
11.1074 0.117462
9.68372 4.59271
7.85847 13.181
10.0775 2.85932
4.44501 2.78021
9.96569 10.4341
4.23381 9.83186
2.75815 11.8154
7.36451 15.1168
7.23636 10.1774
5.69832 4.31175
6.22041 9.73432
9.72052 12.881
14.7019 2.22191
1.06373 12.4932
1.01784 9.88943
2.70267 1.52117
4.68423 7.26756
9.15924 14.5921
13.4721 14.8176
14.0685 11.4587
12.6756 9.99631
1.80217 0.813408
4.63746 5.40338
11.7134 5.25504
0 213
0 233
0 169
1 17
1 218
1 210
1 111
2 62
2 180
2 32
3 83
3 109
3 245
3 35
4 72
4 82
4 67
5 122
5 252
5 97
5 69
6 174
6 153
6 189
7 82
7 43
7 115
8 197
8 171
8 18
8 204
9 193
9 44
9 210
9 63
9 147
10 191
10 145
10 144
10 104
11 108
11 66
11 174
12 181
12 73
12 243
12 141
13 90
13 67
13 241
13 145
14 197
14 21
14 45
15 130
15 221
15 108
15 101
16 162
16 172
16 54
16 60
16 194
17 151
17 218
17 193
17 210
18 45
18 165
19 31
19 51
19 110
19 220
19 152
20 232
20 57
20 26
20 238
21 43
21 115
21 29
22 226
22 27
22 242
22 200
22 56
23 202
23 24
23 230
23 157
24 169
24 240
25 188
25 222
25 36
25 114
25 247
26 185
26 96
26 238
26 251
27 248
27 226
27 84
27 200
28 121
28 182
28 188
29 131
29 212
29 45
30 126
30 156
30 181
31 140
31 64
32 70
32 176
32 195
32 91
33 236
33 214
33 246
33 172
33 146
34 184
34 69
34 173
34 183
34 168
35 245
35 112
35 203
36 188
36 76
36 114
36 228
37 82
37 196
37 134
37 115
38 251
38 103
38 83
38 143
38 245
39 203
39 234
39 239
39 224
40 114
40 47
40 67
41 50
41 242
41 235
41 86
42 146
42 178
42 60
42 225
43 241
43 197
44 245
44 63
45 165
46 165
46 117
46 220
46 105
47 114
47 228
47 142
47 72
48 200
48 65
48 155
49 219
49 240
49 121
50 141
50 190
50 242
50 235
51 212
51 165
51 220
52 211
52 202
52 177
52 138
52 230
53 124
53 201
53 190
54 159
54 199
54 194
55 94
55 119
55 218
55 175
56 200
56 58
56 75
57 208
57 232
57 95
58 242
58 86
58 75
58 80
59 138
59 101
59 127
59 174
59 153
60 172
60 194
60 92
61 195
61 91
61 249
61 186
61 205
62 102
62 111
62 180
62 120
63 203
63 239
64 173
64 168
64 110
64 160
65 222
65 200
65 247
65 137
66 209
66 123
66 139
67 100
67 82
68 209
68 88
68 136
68 139
69 252
69 184
70 184
70 180
70 183
71 153
71 236
71 189
71 162
72 142
72 134
73 158
73 181
73 243
74 238
74 251
74 164
74 151
75 155
75 106
76 182
76 188
77 171
77 148
77 204
77 166
78 219
78 205
78 179
78 81
79 119
79 122
79 175
79 102
79 97
80 86
80 106
80 88
81 248
81 149
81 179
81 84
82 241
83 103
83 227
83 113
84 222
84 200
85 239
85 237
85 107
85 211
86 209
87 163
87 148
87 166
87 96
88 106
88 250
88 136
89 135
89 94
89 229
89 119
90 137
90 155
90 145
91 233
91 186
92 194
92 231
92 198
93 206
93 122
93 252
94 150
94 135
95 199
95 238
95 150
96 232
96 185
97 122
97 184
97 180
98 136
98 192
98 139
98 244
98 170
99 130
99 107
99 177
99 101
100 247
100 137
101 174
102 175
102 111
102 180
103 185
103 216
103 251
104 244
104 171
104 148
105 227
105 220
105 217
105 113
106 155
106 191
107 224
107 130
107 177
108 221
108 209
109 217
109 113
109 201
109 112
110 152
110 160
110 156
111 210
111 215
112 201
112 234
113 227
113 217
114 247
115 196
115 223
116 237
116 213
116 211
116 202
116 169
117 204
117 165
117 216
117 227
118 133
118 190
118 235
119 229
120 215
120 176
120 213
121 219
121 179
121 188
122 229
123 174
123 192
123 139
124 154
124 217
124 201
124 243
125 235
125 221
125 209
126 207
126 160
126 249
126 167
127 138
127 230
127 153
127 214
128 225
128 142
128 129
128 134
129 196
129 206
130 224
130 221
131 223
131 187
131 140
132 196
132 206
132 252
133 201
133 234
134 196
135 199
135 194
135 198
136 139
136 244
137 247
137 155
138 177
138 230
139 192
140 187
140 212
140 173
141 226
141 190
142 228
142 225
143 251
143 151
143 245
143 193
144 145
144 197
144 171
145 191
145 241
146 246
146 172
146 178
147 215
147 239
148 244
148 163
149 167
149 205
149 248
150 199
150 238
150 164
151 164
151 193
152 220
152 154
152 156
152 158
153 174
153 236
154 220
154 217
154 158
155 191
157 240
157 230
157 214
157 246
158 243
159 189
159 162
159 208
160 168
161 182
161 246
161 178
161 228
162 236
162 172
163 244
163 170
163 232
164 218
166 204
166 185
166 216
167 249
167 181
168 183
168 207
169 233
169 202
170 192
170 208
170 232
173 187
175 218
176 233
177 211
178 228
178 225
179 222
181 248
181 226
182 240
183 184
183 195
185 251
186 233
186 219
186 205
187 223
187 252
189 192
189 208
190 243
191 250
194 199
195 207
196 223
198 231
198 229
201 217
202 211
203 234
204 216
205 249
205 219
206 231
206 229
207 249
210 215
211 237
213 215
213 237
214 230
214 236
214 246
216 227
221 235
222 247
223 252
224 234
225 231
226 248
237 239
244 250
