255 576 15.3507
8.19598 14.9585
1.26399 2.59113
9.51698 13.0753
2.02302 0.951296
1.87747 14.6438
11.0968 0.258607
6.87606 8.3468
6.75213 0.155147
9.23966 0.94783
8.17042 3.61861
4.76459 4.40972
1.94195 3.07729
1.82375 0.134386
12.8259 4.20758
8.81936 13.5373
8.97867 1.7507
13.9301 3.55333
2.3654 8.00248
4.41106 9.08754
11.9148 10.39
15.0952 13.1392
13.5266 13.9071
3.61455 12.6113
7.47808 1.30787
6.51461 2.86209
13.6574 4.35778
5.52522 4.80787
6.3592 3.71062
1.55762 7.69983
9.17287 7.14855
0.276353 13.8136
2.63262 10.0811
13.4203 10.0311
0.866385 1.84212
2.70663 11.0521
9.59288 2.35665
0.133536 14.6705
8.83559 14.4008
7.53629 5.10691
2.48564 9.21627
8.81666 0.197497
3.49334 2.9766
9.56232 8.7157
0.172625 1.30802
10.4547 2.52385
4.23716 14.0436
2.60584 15.1003
7.28777 12.1816
2.81019 0.614419
4.67706 3.54981
1.955 3.94697
14.5368 4.33182
7.02791 10.222
10.4352 8.5865
2.73207 3.444
2.71352 1.50208
3.56445 2.07784
4.13826 7.13683
5.49783 3.9283
14.7743 12.3203
3.94376 5.74522
0.837743 8.21897
14.8144 7.77769
9.90449 10.5165
1.68774 9.63529
12.1234 13.2403
12.0779 2.7522
12.7686 15.3402
8.13847 7.37789
0.926354 11.1398
8.40467 12.756
5.95209 13.6419
5.10463 8.52443
9.60897 13.9459
12.0204 1.60719
3.80934 3.82823
7.03079 2.10786
12.5554 9.76372
6.39669 4.60807
8.16903 10.7201
11.6489 9.53806
11.3166 2.2215
8.35994 1.10014
9.76847 9.60215
4.37493 14.9457
11.8935 0.641406
14.0194 6.15388
7.52516 13.0627
9.86392 3.22801
3.56223 1.15035
11.3487 8.64978
5.61893 6.85508
5.02634 7.58954
10.7066 9.46983
8.51528 6.52687
13.7303 0.469481
10.9631 6.24884
9.32975 6.03437
10.1665 1.65229
3.41692 9.5537
6.70662 5.49884
11.5472 13.9811
6.08668 2.05945
0.641802 12.9722
9.97513 11.4518
3.44242 10.5176
13.6653 11.0894
4.76644 5.31065
12.1096 12.2933
12.7813 10.6903
14.8837 5.75656
11.2872 12.7978
4.41378 12.1707
6.17487 9.82994
4.40993 1.59276
12.2923 8.82299
11.9522 7.89893
4.4972 13.1461
3.63647 0.194333
3.19418 8.60687
11.1325 5.2884
13.0883 5.09152
10.2125 5.63503
2.18554 5.96669
14.6035 11.3823
13.5756 14.831
11.6263 6.96144
9.05343 11.114
13.8665 12.051
3.92125 4.7886
2.71137 12.8325
12.0227 11.3086
0.870495 10.1801
5.24947 9.47737
7.30058 14.7771
0.350791 2.63041
0.182539 11.7506
6.27934 10.8076
0.371099 6.26499
6.99703 9.26442
8.93587 10.1159
0.83599 9.17684
12.9227 11.7347
0.0375013 10.7512
1.0241 15.0019
14.0869 5.18031
12.0348 3.72403
8.29286 4.5376
1.10543 3.49285
3.39347 11.7009
3.43815 13.5281
13.0453 6.10018
0.253786 5.07922
8.46463 5.54153
1.70573 8.6606
2.99173 4.36858
1.82084 1.85763
13.8831 2.61499
6.55375 12.8731
1.21071 13.9896
10.127 4.18597
6.90931 13.84
9.86582 7.80016
7.88448 9.77816
7.45666 3.0028
7.67094 0.3812
1.1166 4.51607
1.23692 6.79368
1.14143 12.0994
2.66748 2.47146
11.1567 4.26993
1.08571 0.904706
14.638 0.909991
0.357917 7.36516
3.4107 14.5582
12.8605 2.13743
6.53646 6.49161
4.31469 10.0249
3.03837 5.40581
8.68055 9.10912
15.2927 8.63943
8.84663 8.06011
9.11818 3.90811
11.0912 1.2428
11.1348 3.21163
4.39823 2.61114
13.2813 9.07359
6.0526 8.82136
14.5394 15.2016
4.58925 0.578384
15.3 9.70784
14.3494 9.20789
6.0797 7.75234
14.7985 3.14225
8.7935 2.89644
7.24731 11.1904
13.9222 8.21944
5.61333 0.217046
14.8152 6.7815
7.9596 13.9742
2.08796 4.93031
7.83523 8.43804
10.0699 6.74924
3.24828 6.46153
6.25479 14.6807
10.9248 7.71949
6.36358 11.8398
2.4243 13.8464
13.0224 12.7886
5.40012 1.29481
11.8287 14.9724
5.29565 11.6328
9.22101 12.1553
1.67953 13.0288
13.788 7.14497
12.8403 0.999935
12.5732 14.1519
12.0745 4.82665
3.23207 7.55962
4.74052 6.34641
1.81229 10.6443
13.7819 1.5561
5.26582 10.531
10.7507 14.6961
0.185147 0.308736
10.9263 10.482
8.05635 2.09848
2.20285 11.9068
1.19924 5.59799
7.1255 7.40118
5.70454 5.78637
2.28249 7.01306
5.47374 12.7342
4.15359 8.14986
8.196 11.7491
4.30273 11.1207
12.99 3.22827
10.2861 12.4724
9.38148 4.97698
5.20253 14.3352
9.65414 14.973
14.0978 13.0896
7.55608 6.12217
12.6754 7.12269
14.8076 2.02812
0.150289 3.99863
10.1774 0.615064
7.29729 4.09309
6.50149 1.10168
11.0152 11.6149
10.5715 13.5777
11.9741 5.95019
5.47177 2.90434
14.6473 14.092
14.3877 10.3264
0 134
0 37
0 165
0 40
1 33
1 156
1 148
1 135
1 11
2 212
2 237
2 14
2 73
3 171
3 12
3 48
3 156
4 159
4 207
4 144
4 46
4 12
5 223
5 210
5 246
5 85
6 229
6 187
6 139
6 201
7 204
7 134
7 248
7 165
8 82
8 40
8 246
8 15
9 164
9 194
9 247
9 147
10 49
10 58
10 129
10 107
11 148
11 169
11 54
11 50
12 144
12 46
13 236
13 146
13 25
13 217
13 121
14 70
14 199
14 73
14 37
15 82
15 226
15 35
16 236
16 157
16 193
16 25
17 231
17 28
17 218
17 154
18 233
18 72
18 177
18 133
19 225
19 80
19 77
19 131
19 109
20 59
20 103
20 241
20 30
21 216
21 241
21 125
22 149
22 130
22 112
22 150
23 248
23 165
23 226
24 102
24 164
24 27
25 51
25 145
25 121
26 58
26 78
26 230
26 107
27 58
27 78
27 247
28 231
28 167
28 61
29 94
29 202
29 181
29 162
30 103
30 253
30 159
30 36
31 39
31 105
31 220
32 186
32 77
32 254
32 109
33 171
33 43
33 156
33 135
34 105
34 220
34 149
34 227
35 98
35 194
35 88
35 44
36 253
36 144
36 224
37 199
37 73
37 240
38 147
38 100
38 242
39 154
39 119
39 64
40 240
41 169
41 54
41 185
41 75
42 181
42 162
42 179
42 53
42 83
43 172
43 224
43 244
44 98
44 81
44 88
44 184
45 150
45 117
45 174
45 84
45 239
46 174
46 48
47 234
47 195
47 206
47 87
48 118
48 89
48 55
49 185
49 252
49 75
49 58
50 148
50 200
51 245
51 145
52 139
52 113
52 163
52 137
52 195
53 162
53 205
53 90
53 93
54 169
54 155
55 89
55 156
55 169
56 89
56 169
56 185
57 219
57 218
57 233
58 252
59 124
59 136
59 128
59 241
60 178
60 129
60 107
60 203
60 219
61 173
61 180
61 141
61 154
62 198
62 196
62 173
62 180
63 83
63 225
63 104
64 141
64 154
64 220
65 111
65 108
65 208
65 101
65 216
66 81
66 236
66 146
67 210
67 125
67 215
68 94
68 229
68 181
69 132
69 143
69 136
69 220
69 168
70 234
70 212
70 87
71 232
71 158
71 161
71 239
72 233
72 92
72 187
72 133
73 250
73 240
74 215
74 183
74 81
74 175
75 155
75 129
76 102
76 226
76 164
77 186
77 80
77 109
78 247
78 100
79 163
79 140
79 234
79 127
80 90
80 115
80 93
81 183
81 184
82 165
83 140
83 93
84 239
84 189
84 118
85 210
85 215
85 183
86 145
86 110
86 151
86 198
86 214
87 158
87 161
87 199
88 182
88 160
89 118
89 114
90 205
90 116
90 115
91 219
91 176
91 92
91 192
92 233
93 225
94 153
94 242
94 97
95 188
95 215
95 172
96 122
96 120
96 202
96 126
96 251
97 153
97 122
97 202
98 246
98 183
99 119
99 105
99 177
100 230
100 176
100 242
101 250
101 216
101 210
102 248
102 209
102 252
103 168
103 213
104 127
104 249
104 212
105 177
105 235
106 254
106 142
106 109
106 124
106 128
107 230
107 219
108 142
108 131
108 111
108 208
109 131
110 145
110 152
110 198
110 138
111 237
111 250
112 235
112 211
112 117
113 187
113 139
113 133
113 137
114 189
114 209
114 185
115 116
115 186
116 126
116 205
116 243
117 232
118 174
118 189
119 218
119 233
120 170
120 122
120 217
120 251
121 217
121 145
121 151
122 238
123 228
123 200
123 178
123 231
124 254
124 143
124 136
124 128
125 188
126 251
126 205
126 243
127 140
127 234
127 212
128 142
128 241
129 155
130 227
130 213
130 207
130 150
131 249
131 142
132 141
132 190
132 143
132 220
133 187
133 222
134 161
134 199
134 204
134 165
135 244
135 193
136 143
136 168
137 222
137 195
137 206
138 228
138 198
138 167
139 187
139 163
140 179
141 180
141 154
141 190
142 208
143 254
143 190
144 159
144 224
146 184
146 236
146 170
147 247
147 182
147 153
148 245
148 166
149 235
150 207
150 174
151 251
151 243
152 245
152 166
152 228
153 238
153 242
155 200
155 178
156 169
157 221
157 244
157 236
157 193
158 232
158 206
158 161
159 213
160 182
160 170
160 238
161 199
161 204
162 202
162 181
162 205
163 179
164 226
164 247
166 245
166 228
166 200
167 231
167 173
168 227
168 213
170 184
170 217
171 224
172 188
172 224
172 221
173 198
175 221
175 236
176 230
176 242
176 229
177 222
177 235
178 200
178 203
179 181
179 201
180 190
181 201
182 194
182 238
183 246
185 252
186 196
186 191
187 192
188 253
188 224
189 197
189 209
190 191
190 254
191 196
191 254
192 229
193 244
193 245
194 226
195 234
195 206
196 214
197 204
197 209
198 214
200 228
203 231
203 218
204 239
206 211
207 213
208 241
209 248
210 216
210 223
211 222
211 235
211 232
212 234
212 237
214 243
215 221
217 251
218 231
218 233
219 230
221 244
222 235
223 250
223 240
225 249
237 249
237 250
240 246
241 253
