128 288 10.8846
4.46201 5.67932
4.1727 8.6038
9.74795 7.00086
9.44425 9.23636
9.73715 0.507008
10.5461 0.747443
3.32365 5.65199
5.53835 1.16461
0.547648 9.27124
8.27513 3.5261
5.3053 5.70976
4.69218 1.05586
8.37044 2.67657
6.65246 10.5473
2.96477 6.42397
5.84189 4.89456
1.32404 1.09905
5.00034 8.39821
6.89125 8.63819
8.07372 4.85014
10.345 10.7975
7.00416 6.31596
4.64104 10.3298
9.24105 7.69735
3.43675 7.15477
10.5796 4.78463
6.98383 2.23912
9.27983 10.649
9.76175 8.42711
7.96916 0.961948
3.74654 10.3451
2.92684 4.82484
1.3245 5.66672
1.52359 7.61847
2.10732 10.5789
7.47917 10.2139
2.90249 1.17504
4.14479 2.18785
0.432869 1.17504
7.51928 5.56517
3.93493 9.45078
6.44311 3.97576
2.12217 0.677076
3.82656 1.30672
3.88191 6.35223
1.31905 0.193825
8.94689 6.64197
2.86996 10.0363
5.0254 1.89565
10.7307 5.69499
9.93119 9.98412
4.41785 4.03887
7.29442 0.313994
8.36272 7.39602
10.511 3.0985
2.96024 3.15532
8.80074 4.27468
8.89383 0.818578
0.621112 6.27192
7.86243 1.90272
0.359403 0.155601
1.29824 8.74659
7.50797 3.01419
4.91388 4.88289
9.79255 2.43436
3.04322 9.08691
5.41865 7.56202
0.994972 1.97602
3.43458 4.01176
4.07832 0.357742
6.37819 7.84966
7.75807 9.28786
10.6063 6.67696
2.00496 2.86841
10.0568 3.98572
7.06356 1.28622
6.23475 5.76126
3.97065 3.14701
0.0663966 10.0702
6.37684 2.9929
0.614587 2.92183
10.3802 7.68063
6.79449 4.90148
9.90314 1.43108
0.600658 7.27729
8.79208 8.55934
2.40619 3.99091
3.90653 4.9149
0.652251 4.95134
3.35883 8.11896
1.69555 4.76029
2.45722 7.24238
1.58575 6.62456
2.06614 9.42887
7.96511 6.45728
6.69793 9.58696
6.03369 1.99052
8.67175 9.80901
10.4747 9.11972
5.44131 3.99826
9.76527 6.03549
7.2548 7.27259
6.15198 6.81826
7.777 8.23345
6.29158 0.564441
5.75529 10.1429
5.23783 0.236945
4.95057 9.38509
9.59491 4.94796
8.91131 1.85764
0.34558 8.31917
3.13501 2.14775
0.244495 3.93984
9.2288 3.31531
7.46168 4.06484
5.90868 8.81495
8.28289 10.8478
3.02221 0.170042
1.34749 3.72049
2.33482 5.65655
8.70558 5.63128
1.15721 10.0544
5.28533 2.90328
10.8025 2.07552
2.0608 1.78555
4.89923 6.61775
2.27652 8.33294
4.34449 7.62292
0 87
0 63
0 10
0 44
1 89
1 127
1 17
1 40
2 100
2 46
2 72
2 23
2 81
3 28
3 85
3 97
3 50
4 27
4 20
4 57
4 5
4 83
5 20
5 60
5 38
5 83
6 119
6 87
6 14
6 44
7 11
7 106
7 104
7 96
7 48
8 110
8 98
8 61
8 121
8 78
9 62
9 12
9 113
9 114
9 56
10 63
10 76
10 125
11 69
11 106
11 43
11 48
12 59
12 109
12 62
13 95
13 105
13 35
13 104
13 52
14 119
14 91
14 24
15 99
15 63
15 82
15 76
16 38
16 45
16 42
16 67
16 124
17 127
17 66
17 115
17 107
18 70
18 103
18 115
18 95
19 114
19 56
19 39
19 120
20 50
20 78
20 60
21 76
21 39
21 102
21 94
21 101
22 107
22 30
22 106
23 53
23 28
23 85
24 91
24 44
24 89
24 127
25 74
25 112
25 108
25 49
25 88
26 96
26 75
26 59
26 79
26 62
27 116
27 50
28 81
28 85
28 98
29 52
29 57
29 75
29 59
30 40
30 47
30 117
30 69
31 86
31 68
31 119
31 87
32 90
32 88
32 119
32 58
32 92
33 92
33 84
33 126
34 47
34 45
34 117
35 95
35 71
35 116
36 42
36 117
36 124
36 111
36 43
37 111
37 43
37 48
37 77
38 123
39 82
39 94
40 65
40 107
41 79
41 99
41 114
41 82
42 45
42 117
44 125
45 121
45 60
46 120
46 100
46 94
46 53
47 93
47 65
47 117
48 96
48 122
49 100
49 72
49 58
50 98
51 77
51 68
51 99
51 87
51 63
52 116
52 104
52 75
53 94
53 103
54 123
54 64
54 80
54 74
54 112
55 111
55 73
55 86
55 68
56 113
56 108
57 116
57 109
58 72
58 92
58 84
59 75
59 109
60 78
61 110
61 126
61 93
62 114
63 99
63 87
64 109
64 123
64 83
64 113
65 126
65 89
65 93
66 125
66 102
66 127
66 70
67 123
67 124
67 80
68 77
68 86
68 87
69 117
70 102
70 101
70 115
71 103
71 97
72 100
72 81
73 124
73 118
74 113
74 112
74 108
75 104
76 82
76 102
78 98
78 121
79 96
79 122
80 123
80 112
80 118
81 110
82 114
83 109
84 110
85 103
86 118
86 90
88 112
88 90
89 126
89 127
90 118
90 119
91 92
91 126
93 126
93 121
94 120
94 101
95 115
95 105
97 116
98 110
99 122
100 108
101 103
104 106
105 107
105 106
107 115
108 120
111 124
112 118
125 127
