128 290 10.8409
8.98702 8.35239
9.53873 7.72831
6.08381 1.11748
3.36549 4.93251
8.17418 2.75111
3.5151 1.08947
10.7958 6.21351
9.2815 0.321128
2.03885 0.26828
4.68816 7.91762
2.82873 0.590864
2.73199 5.77868
3.59253 5.75214
10.1178 7.10613
1.22042 7.50314
1.8158 10.2831
0.976864 10.4493
2.21191 6.4725
4.72554 3.49621
4.26545 1.51045
10.4588 7.90804
7.62011 4.48134
6.6913 0.440898
7.15203 2.45383
7.46306 8.28595
8.4184 0.118321
5.18959 5.41755
1.76844 1.09715
1.27827 4.90424
4.49271 2.36787
7.74574 0.783653
10.2919 4.39559
2.89898 8.68722
0.985292 3.63742
0.0793459 3.72876
10.5607 5.35896
9.8369 8.55873
4.92022 4.37961
8.87204 2.20238
0.212062 0.870443
5.7853 4.72843
9.25263 4.14624
1.07065 0.505028
7.34905 9.1962
5.58176 7.89806
0.139104 10.7786
9.549 1.54833
3.49682 1.99017
8.21235 8.7979
8.59683 4.83159
1.82886 5.64682
8.33953 3.90342
10.7598 8.77888
5.3054 0.657618
9.05621 10.2804
10.7283 2.7998
9.78613 2.47806
5.6614 3.78378
6.97015 1.32754
2.45618 4.90125
4.33112 0.593009
5.13283 7.0373
10.0989 0.750998
0.644636 5.60572
4.15176 7.16931
1.78474 3.11294
0.368674 4.64482
9.07996 6.92795
5.91592 6.02454
8.99583 3.16624
0.787182 1.65328
5.91953 10.7339
4.88823 10.604
6.54566 8.05872
2.63425 1.51308
0.874115 2.67081
4.28189 5.11713
6.134 8.97151
1.82736 4.12018
9.06263 9.28182
6.43856 3.09562
8.81243 5.812
10.0162 10.5793
1.91727 8.53231
8.68986 1.04934
1.29644 9.37964
5.51739 9.78888
9.97456 3.47021
5.10431 8.78166
2.34284 9.49188
2.75836 10.4726
3.39531 9.54584
8.1495 9.80952
6.25656 2.05926
0.864385 8.40514
7.28128 7.32732
1.74309 2.07848
10.0714 9.53065
7.45954 3.39005
4.46417 9.64435
2.6886 2.60215
9.58946 5.09854
7.00603 6.29546
3.31348 7.7833
3.83044 10.5329
8.31702 7.66185
9.82157 6.17072
7.46586 10.6552
0.287473 9.75077
8.074 6.5806
3.71446 3.00024
5.23948 1.68091
6.65828 5.2663
10.5621 1.76776
5.41631 2.77277
6.61999 9.92975
4.0131 8.63953
1.21236 6.5015
4.5097 6.17212
0.281002 7.15071
6.19407 7.05271
7.91591 1.79847
7.77219 5.48509
3.91628 4.10467
6.65649 4.15414
2.83504 3.71682
3.20005 6.67308
2.23208 7.48178
0 105
0 1
0 48
0 79
0 36
1 67
1 13
2 53
2 93
2 58
3 123
3 59
3 12
3 76
4 121
4 38
4 98
4 69
5 10
5 47
5 19
6 35
6 63
6 106
6 119
7 54
7 82
7 84
7 62
8 15
8 90
8 27
8 10
9 64
9 44
9 116
9 88
10 90
10 74
11 50
11 59
11 12
11 17
11 126
12 76
12 126
13 106
13 119
13 20
14 119
14 117
14 94
14 127
15 89
15 16
15 90
16 108
16 45
16 42
17 50
17 117
17 126
17 127
18 114
18 123
18 37
19 60
19 47
19 29
19 111
20 119
20 52
20 36
21 124
21 51
21 122
22 71
22 107
22 58
23 93
23 121
23 80
23 98
24 73
24 95
24 48
24 43
25 107
25 54
25 84
26 40
26 76
26 118
26 68
27 42
27 96
27 74
28 66
28 78
28 63
28 50
29 111
29 110
29 114
30 107
30 84
30 58
30 121
31 87
31 66
31 34
31 101
32 103
32 89
32 91
33 75
33 65
33 34
33 78
34 87
34 55
34 66
35 66
35 101
35 63
36 97
36 52
37 123
37 57
37 40
37 76
38 121
38 46
38 69
38 56
39 45
39 62
39 42
39 113
39 70
40 57
40 124
40 112
41 87
41 51
41 101
41 49
43 48
43 115
43 92
44 61
44 120
44 73
44 88
45 82
46 84
46 62
46 113
46 56
47 74
47 100
47 110
48 79
48 92
49 51
49 122
49 101
49 81
50 59
51 98
51 69
52 94
52 97
52 108
53 72
53 71
53 60
53 111
54 79
54 92
54 82
55 113
55 87
55 75
56 113
56 87
57 114
57 124
58 93
58 121
59 78
60 104
60 72
61 118
61 64
61 120
62 82
63 66
63 117
64 126
64 118
64 103
65 96
65 75
65 100
65 78
67 109
67 106
67 105
68 112
68 120
69 87
70 113
70 96
70 75
71 86
71 115
72 104
72 99
72 86
73 120
73 95
73 77
74 96
75 96
76 123
76 118
77 88
77 86
77 115
78 125
79 97
79 92
80 93
80 114
80 98
80 124
81 122
81 101
81 109
81 106
82 97
83 94
83 127
83 89
83 85
84 121
85 94
85 89
85 108
86 99
88 116
88 99
89 91
89 90
90 104
91 116
91 104
91 99
92 107
93 111
93 114
95 102
95 109
95 105
96 100
97 108
98 124
99 116
99 104
100 110
100 125
101 106
102 112
102 122
102 120
102 109
103 126
103 127
103 116
105 109
107 115
109 122
110 125
110 123
111 114
112 124
112 122
117 119
123 125
