128 294 10.8409
0.4328 7.91113
10.1469 0.309073
5.69277 2.86613
1.98254 10.4201
6.25543 7.49604
3.2478 5.97016
9.74022 3.66758
0.379866 2.76318
1.31187 6.16028
8.5026 2.71294
0.611172 5.68475
8.90968 3.46438
0.314658 1.9128
6.26572 1.23256
8.75367 6.36865
9.73207 1.89306
10.4384 2.39945
4.80419 9.9127
3.83791 8.40785
9.18361 9.74278
5.04865 2.29989
6.09949 5.39578
10.516 3.27465
9.14885 4.30204
4.36369 2.86683
5.9673 2.0527
7.84255 2.13788
5.12846 5.54569
10.2174 10.2848
6.51003 4.59833
7.6297 0.0568798
8.7425 7.25771
4.3222 0.894011
10.4519 8.30341
3.78574 6.66486
3.13317 2.08943
9.77284 4.95483
2.23019 3.45263
1.48573 5.28475
9.04758 5.52682
8.42135 4.84538
4.71458 6.59542
10.6492 5.28076
7.0155 0.744266
0.398132 8.79691
4.46291 9.06674
9.92006 5.87402
7.10395 3.81685
6.97956 1.79773
8.09842 5.73458
7.6522 3.03845
2.37971 1.524
5.00638 8.28502
3.16313 7.77879
10.7807 6.29494
1.35286 8.86568
7.8473 1.21057
9.5237 2.78467
1.17894 10.8398
8.42421 10.287
8.27958 9.31515
5.85052 0.407761
3.88005 9.83097
2.37275 4.90639
2.16145 9.42116
2.84804 6.84707
1.69431 0.834483
2.26037 2.49339
10.453 1.29107
6.76182 6.7345
1.25616 9.84984
2.95261 4.0939
7.46004 4.73039
9.34583 10.6817
4.42214 4.7595
8.08988 3.92597
9.59076 6.79269
0.545699 3.68556
9.1229 8.78558
5.34064 7.35119
1.83715 6.94401
6.48414 9.53187
0.17791 10.8292
1.36774 7.86464
5.71103 10.2368
6.11439 3.70221
2.57332 0.318627
8.51628 0.458395
8.75941 1.78998
4.17441 5.76101
6.67761 10.6434
0.226811 9.78371
3.40556 5.02647
7.46134 9.92824
3.15485 3.07385
0.648836 4.72782
5.05239 3.5741
9.56499 7.83825
1.5922 4.22016
3.14625 9.09242
2.90264 10.1501
6.65682 2.77354
5.47203 9.19824
9.45068 0.962089
1.33266 2.98449
10.5038 4.26883
2.31318 8.37724
6.2715 8.46043
4.86522 0.0560985
4.28967 7.53279
10.5225 7.29838
7.20908 7.70398
4.13392 1.88956
3.97563 3.79494
2.27068 5.95409
0.749553 6.97084
7.05416 5.7156
3.33038 1.09383
3.74224 0.0427188
8.24702 8.14965
5.48603 4.59296
0.638182 0.969286
5.757 6.3501
5.26358 1.30614
7.83474 6.7606
7.33 8.83029
1.36914 1.86146
10.0908 9.2689
0 110
0 83
0 44
1 73
1 28
1 82
1 103
2 25
2 20
2 96
2 101
2 85
3 58
3 70
3 100
3 86
4 69
4 79
4 111
4 107
5 114
5 92
5 89
5 34
6 57
6 11
6 22
6 23
6 105
7 16
7 12
7 22
7 104
7 77
8 10
8 114
8 38
8 115
8 80
9 26
9 88
9 50
9 11
10 95
10 42
10 54
11 57
11 75
11 23
12 121
12 68
12 16
13 61
13 43
13 123
13 25
13 48
14 49
14 39
14 124
14 76
14 31
15 103
15 68
15 16
15 57
16 22
17 45
17 102
17 62
17 84
17 108
18 53
18 109
18 99
18 45
19 78
19 127
19 59
19 73
20 112
20 123
20 24
21 120
21 29
21 116
21 122
22 105
22 77
23 40
23 36
24 112
24 96
24 113
25 123
25 101
26 48
26 56
26 88
26 50
27 120
27 89
27 122
28 127
28 73
28 91
28 82
29 120
29 85
29 72
30 90
30 93
30 43
30 87
31 124
31 76
31 119
32 117
32 118
32 108
32 112
32 123
33 97
33 110
33 127
33 44
34 89
34 65
34 41
34 109
35 117
35 51
35 112
35 67
35 94
36 105
36 39
36 46
36 42
37 104
37 67
37 94
37 98
37 71
38 95
38 114
38 63
39 40
39 46
40 75
40 72
40 49
41 89
41 109
41 79
42 105
42 95
42 46
43 90
43 56
44 55
44 91
45 52
45 102
45 62
46 76
46 54
47 50
47 85
47 75
47 72
48 101
49 116
49 124
50 101
50 75
51 66
51 117
51 126
51 67
52 109
52 79
52 102
53 65
53 106
54 115
54 110
55 83
55 64
55 70
56 87
58 82
58 70
58 66
59 60
59 93
59 73
59 87
60 125
60 78
60 93
61 84
61 90
61 108
61 123
62 99
62 100
62 118
63 98
63 71
63 114
64 106
64 99
64 70
64 100
65 114
65 80
66 121
66 86
66 126
67 104
68 103
68 121
69 116
69 122
69 124
69 111
70 91
71 94
71 113
71 92
72 75
72 116
73 87
74 113
74 120
74 92
74 89
76 97
76 110
77 104
77 105
77 95
78 119
78 97
78 127
79 122
79 109
80 114
80 115
80 83
81 102
81 125
81 84
81 93
82 91
82 121
83 115
83 106
84 102
84 90
84 108
85 96
85 101
85 120
86 100
86 117
87 103
88 103
89 92
90 93
91 127
93 125
94 113
95 105
95 98
96 113
96 120
97 110
99 106
99 100
100 118
102 107
104 126
107 125
108 118
110 115
111 124
111 119
111 125
112 117
117 118
119 125
121 126
