64 141 7.73135
7.0497 2.48652
4.72764 5.42723
2.23481 3.43303
7.33071 0.116631
2.85803 6.79896
4.70074 3.57182
7.64167 5.24763
0.282815 2.81301
7.70867 0.886771
5.27452 1.72358
6.42757 3.06732
4.78672 6.95275
7.45757 4.39126
3.42687 6.134
4.32759 6.18294
3.10537 2.59277
7.28344 3.32796
5.70614 5.30611
3.12566 7.64647
2.64496 4.45093
4.0535 4.18529
1.11625 7.00473
0.806261 1.25263
4.70131 1.01671
0.956805 2.19407
2.5553 0.65051
6.42923 0.178
0.166155 6.89319
7.33259 6.10036
1.70933 1.5812
5.27582 6.15405
0.405669 3.73872
5.07114 0.116734
3.68317 1.19422
6.59212 4.00041
2.17695 7.43977
4.35494 1.93726
3.83108 6.99144
2.11508 2.50601
1.56637 5.35579
5.64861 3.60757
4.03181 2.90504
5.73105 0.890838
4.05835 0.253047
0.00726305 1.85187
6.88307 7.0054
6.30776 6.09983
0.557215 0.108129
6.16316 2.12491
0.717496 4.72591
1.66792 4.21472
1.54118 0.550601
6.68197 5.05351
5.10869 2.68786
2.74882 1.65682
1.28718 3.17682
6.76905 1.20586
5.79205 7.07447
3.20592 3.60186
0.653132 5.95185
3.76631 5.17731
1.94677 6.38146
2.65169 5.47933
5.05086 4.50651
0 48
0 44
0 10
0 16
1 63
1 60
1 14
1 30
2 38
2 55
2 58
2 50
3 45
3 26
3 8
3 47
4 61
4 13
4 35
4 18
5 53
5 41
5 40
5 63
5 20
6 52
6 12
6 49
6 28
7 24
7 16
7 31
8 56
8 47
8 22
8 44
9 23
9 42
9 36
9 48
9 53
10 48
10 40
10 16
10 34
11 14
11 30
11 37
11 57
11 32
12 31
12 34
13 62
13 60
13 14
13 37
14 30
14 37
15 54
15 58
15 41
16 31
16 34
17 63
17 52
17 46
17 30
18 35
18 37
18 25
18 43
19 58
19 50
19 62
20 58
20 63
20 60
21 61
21 27
21 47
22 51
22 44
22 24
22 29
23 43
23 32
23 36
24 44
24 29
24 55
25 51
25 54
26 57
26 45
26 42
27 28
27 59
27 45
27 47
28 46
28 59
28 45
29 51
29 38
29 54
30 46
30 57
31 55
31 49
32 57
32 43
32 42
33 43
33 54
33 36
34 40
34 52
35 61
35 51
36 53
36 41
37 43
38 54
38 55
39 49
39 59
39 61
39 62
40 53
40 63
41 58
42 56
45 46
45 57
46 57
47 51
48 56
49 50
50 55
60 62
61 62
