62 139 7.67451
0.948229 1.46167
6.17409 6.76852
2.15797 2.70628
6.92669 7.14998
4.4096 7.57792
5.16509 3.54881
3.47454 4.11799
3.7531 7.03075
1.51419 6.07688
0.738594 4.97646
5.57773 6.14438
3.31567 2.26722
0.671385 5.85526
6.21525 7.63699
1.52008 2.10419
3.59072 0.237451
2.90207 7.30176
5.06406 4.42997
4.33295 3.86474
4.86668 5.57205
2.01576 7.59328
2.70965 0.537627
3.11442 6.38424
3.3498 5.46385
0.953548 6.81039
2.20503 6.67061
6.88 3.70893
7.05115 0.381656
1.08594 0.103035
0.237833 3.33011
4.86947 6.77203
5.94879 4.04043
1.02023 4.08387
4.03145 2.95018
7.53478 5.34836
4.07383 6.14085
4.3535 0.84387
0.153216 7.41426
2.38184 5.6861
5.74592 5.12532
6.20725 0.942804
6.71286 4.72362
0.0157598 4.32447
2.69982 4.68957
0.315193 0.771348
2.45045 1.79075
7.09137 2.70276
4.15528 4.8531
5.25868 1.44105
3.39001 1.27144
7.53162 6.40286
1.2489 3.06204
2.04601 3.82761
1.75383 0.918741
0.442234 2.29406
4.26685 1.91817
5.29347 0.334404
2.99712 3.23378
5.18646 2.56123
6.19639 2.04635
7.2341 1.57506
6.5615 5.84731
0 44
0 53
0 54
0 14
1 10
1 61
1 13
1 3
2 45
2 14
2 51
2 57
3 13
3 50
3 37
3 27
4 7
4 30
4 15
4 36
4 56
5 58
5 18
5 17
5 31
6 57
6 43
6 18
7 22
7 35
7 16
7 15
8 12
8 38
8 24
8 25
9 42
9 32
9 34
9 12
10 19
10 61
10 30
11 49
11 45
11 55
11 57
12 34
12 50
13 56
13 40
13 27
14 45
14 51
15 16
15 21
15 36
16 25
16 20
16 21
17 47
17 18
17 31
17 39
18 33
18 47
19 47
19 35
19 39
20 25
20 28
20 53
20 21
21 53
21 49
22 23
22 35
22 25
23 43
23 47
23 38
23 35
24 37
24 28
25 38
26 46
26 31
26 42
27 37
27 40
27 44
28 37
28 44
28 53
29 54
29 46
29 51
29 42
30 35
31 41
32 51
32 52
32 42
33 55
33 57
34 41
34 42
34 61
34 50
36 49
36 56
36 55
37 50
37 44
38 43
39 41
39 61
40 56
40 59
40 48
41 42
43 52
44 60
45 49
46 59
46 54
48 56
48 55
48 59
48 58
49 55
50 61
51 54
51 52
52 57
54 60
55 58
58 59
59 60
