63 138 7.6543
1.98138 2.82051
4.11232 0.159766
4.2731 2.69972
7.09384 2.23286
2.77591 4.67676
2.22038 2.01524
6.02229 5.13524
1.36359 6.50706
0.722222 7.09783
6.8716 4.99459
3.85451 1.22069
0.576986 3.74602
5.408 4.51425
1.01586 4.51955
3.56705 3.21047
1.90329 4.64184
5.42734 1.63053
3.30698 0.513652
2.8441 2.64937
3.51707 5.16862
1.34435 1.8685
7.52543 1.1029
4.51861 1.83721
3.60772 2.10587
2.4274 0.181427
0.265336 0.238113
6.61756 1.40283
4.27146 5.88845
5.07774 6.50863
6.31426 4.26155
1.03818 2.78046
5.17068 2.54031
5.1812 5.52225
3.19759 7.2258
3.56854 4.19742
4.9902 7.50457
4.15187 6.88249
2.92045 1.39915
0.0413769 2.95904
6.15455 2.2964
7.1127 5.91928
0.466919 6.17824
4.75043 0.861315
2.3 6.7168
1.93323 1.06588
0.360008 1.96806
1.26214 5.47628
7.33251 4.12957
1.4061 0.134335
2.33801 5.54525
6.8761 0.329637
4.44929 4.77247
1.56273 3.68876
6.67397 3.24554
4.47314 3.65831
2.65956 3.65661
6.05601 6.12505
6.03932 7.24406
5.8303 0.697743
3.25778 6.16644
0.207164 5.11774
7.36881 6.9834
5.58287 3.50738
0 5
0 52
0 18
1 36
1 35
1 17
1 42
2 23
2 22
2 31
2 14
2 54
3 39
3 45
3 38
4 15
4 34
4 49
4 19
5 20
5 37
5 18
6 29
6 12
6 9
6 56
6 32
7 41
7 8
7 43
8 41
8 61
8 25
8 48
9 29
9 47
9 40
9 60
10 17
10 42
10 37
10 23
10 22
11 38
11 52
11 47
11 13
12 62
12 51
12 29
13 52
13 15
13 60
13 46
14 55
14 18
14 54
15 52
15 49
16 58
16 22
16 31
17 33
17 24
17 37
18 23
18 55
19 34
19 51
19 59
20 44
20 45
20 30
21 50
21 25
21 26
21 45
22 42
22 23
22 31
23 37
24 33
24 48
24 44
25 61
26 58
26 39
27 59
27 32
27 36
28 56
28 32
28 36
28 35
29 62
29 47
30 38
30 52
31 39
31 62
32 51
32 56
33 59
33 43
33 36
34 55
34 54
34 51
35 57
35 42
37 44
38 45
38 53
39 53
40 56
40 60
40 41
40 61
41 60
41 46
41 61
42 58
43 59
44 48
46 60
46 49
47 53
47 60
49 59
50 57
50 61
50 58
51 54
52 55
53 62
54 62
56 57
57 58
