64 142 7.70668
0.438632 3.3116
6.60494 2.26332
2.03156 5.51064
2.57025 0.997944
6.38985 6.35121
2.21746 3.12754
6.55223 3.72256
3.20572 5.63707
4.20177 3.19521
2.67245 4.95228
0.592695 6.68368
0.367218 5.84039
3.81248 2.40837
6.10025 5.52591
3.68792 3.91325
4.59109 6.77485
2.85396 7.28793
3.55918 4.81615
1.80359 4.46314
3.23456 3.11225
0.130112 4.96375
0.766518 1.46239
1.32985 3.29387
1.67365 2.41653
4.02249 7.5143
5.12157 1.05329
4.4384 1.72074
5.2054 5.25964
2.14321 0.202237
3.27755 0.425282
4.20217 0.759475
5.05032 3.57334
7.65888 0.943749
5.63873 4.37338
0.699589 2.43438
4.91735 2.58052
1.21483 0.577586
5.93509 7.16427
1.42776 6.22018
5.90991 0.471016
1.75357 1.44179
5.01249 7.65783
7.50005 1.95567
7.22917 2.97228
1.3729 7.25709
2.67432 2.28195
0.847127 4.17039
5.42921 6.25131
5.70468 1.88569
6.63042 4.68963
2.48195 6.36064
1.11901 5.20617
7.48503 4.01441
2.69141 3.97302
7.09628 5.67572
4.52009 4.48181
6.93447 0.16215
4.21276 5.60837
5.91794 2.9662
3.42295 1.47712
7.28838 6.78894
3.5861 6.5625
0.338535 7.65625
6.63872 1.27014
0 34
0 22
0 52
0 46
1 63
1 42
1 58
1 43
2 9
2 51
2 50
2 38
3 28
3 29
3 40
3 59
4 47
4 13
4 54
4 37
4 60
5 23
5 45
5 22
5 53
6 58
6 52
6 49
7 17
7 9
7 61
8 12
8 35
8 31
8 14
9 53
9 17
10 11
10 38
10 60
10 62
10 44
11 20
11 54
11 51
12 59
12 26
12 19
13 49
13 47
13 27
13 54
14 19
14 53
14 17
14 55
15 47
15 61
15 41
15 24
16 50
16 61
16 28
16 29
17 55
17 57
18 46
18 53
18 51
19 45
19 53
20 52
20 54
20 51
21 32
21 34
21 40
22 23
22 46
23 34
23 40
23 45
24 61
24 41
24 29
24 30
25 30
25 39
25 26
25 48
26 59
26 35
27 55
27 33
27 57
27 47
28 44
28 36
29 30
29 59
30 59
31 35
31 58
31 55
31 33
32 62
32 63
32 56
32 42
33 49
34 42
35 48
35 58
36 62
36 44
36 40
37 47
37 39
38 51
38 50
38 44
39 41
39 63
39 56
42 63
42 43
43 52
44 62
45 59
46 52
46 51
48 63
48 58
49 52
49 54
50 61
54 60
56 60
56 62
56 63
57 61
60 62
